health-record-service running on port 3444
Received health record request for patient #1
Received health record request for patient #1
Received health record request for patient #1
Received health record request for patient #1
Received health record request for patient #1
Received health record request for patient #1
Received health record request for patient #1
Received health record request for patient #1
Received health record request for patient #1
Received health record request for patient #1
Received health record request for patient #1
Received health record request for patient #1
Received health record request for patient #1
Received health record request for patient #1
Received health record request for patient #1
Received health record request for patient #1
Received health record request for patient #1
Received health record request for patient #1
Received health record request for patient #1
Received health record request for patient #1
Received health record request for patient #1
Received health record request for patient #1
Received health record request for patient #1
Received health record request for patient #1
Received health record request for patient #1
Received health record request for patient #1
Received health record request for patient #1
Received health record request for patient #1
Received health record request for patient #1
Received health record request for patient #1
Received health record request for patient #1
Received health record request for patient #1
Received health record request for patient #1
Received health record request for patient #1
Received health record request for patient #1
Received health record request for patient #1
Received health record request for patient #1
Received health record request for patient #1
Received health record request for patient #1
Received health record request for patient #1
Received health record request for patient #1
Received health record request for patient #1
Received health record request for patient #1
Received health record request for patient #1
Received health record request for patient #1
Received health record request for patient #1
Received health record request for patient #1
Received health record request for patient #1
Received health record request for patient #1
Received health record request for patient #1
Received health record request for patient #1
Received health record request for patient #1
Received health record request for patient #1
Received health record request for patient #1
Received health record request for patient #1
Received health record request for patient #1
Received health record request for patient #1
Received health record request for patient #1
Received health record request for patient #1
Received health record request for patient #1
Received health record request for patient #1
Received health record request for patient #1
Received health record request for patient #1
Received health record request for patient #1
Received health record request for patient #1
Received health record request for patient #1
Received health record request for patient #1
Received health record request for patient #1
Received health record request for patient #1
Received health record request for patient #1
Received health record request for patient #1
Received health record request for patient #1
Received health record request for patient #1
Received health record request for patient #1
Received health record request for patient #1
Received health record request for patient #1
Received health record request for patient #1
Received health record request for patient #1
Received health record request for patient #1
Received health record request for patient #1
Received health record request for patient #1
Received health record request for patient #1
Received health record request for patient #1
Received health record request for patient #1
Received health record request for patient #1
Received health record request for patient #1
Received health record request for patient #1
Received health record request for patient #1
Received health record request for patient #1
Received health record request for patient #1
Received health record request for patient #1
Received health record request for patient #1
Received health record request for patient #1
Received health record request for patient #1
Received health record request for patient #1
Received health record request for patient #1
Received health record request for patient #1
Received health record request for patient #1
Received health record request for patient #1
Received health record request for patient #1
Received health record request for patient #1
Received health record request for patient #1
Received health record request for patient #1
Received health record request for patient #1
Received health record request for patient #1
Received health record request for patient #1
Received health record request for patient #1
Received health record request for patient #1
Received health record request for patient #1
Received health record request for patient #1
Received health record request for patient #1
Received health record request for patient #1
Received health record request for patient #1
Received health record request for patient #1
Received health record request for patient #1
Received health record request for patient #1
Received health record request for patient #1
Received health record request for patient #1
Received health record request for patient #1
Received health record request for patient #1
Received health record request for patient #1
Received health record request for patient #1
Received health record request for patient #1
Received health record request for patient #1
Received health record request for patient #1
Received health record request for patient #1
Received health record request for patient #1
Received health record request for patient #1
Received health record request for patient #1
Received health record request for patient #1
Received health record request for patient #1
Received health record request for patient #1
Received health record request for patient #1
Received health record request for patient #1
Received health record request for patient #1
Received health record request for patient #1
Received health record request for patient #1
Received health record request for patient #1
Received health record request for patient #1
Received health record request for patient #1
Received health record request for patient #1
Received health record request for patient #1
Received health record request for patient #1
Received health record request for patient #1
Received health record request for patient #1
Received health record request for patient #1
Received health record request for patient #1
Received health record request for patient #1
Received health record request for patient #1
Received health record request for patient #1
Received health record request for patient #1
Received health record request for patient #1
Received health record request for patient #1
Received health record request for patient #1
Received health record request for patient #1
Received health record request for patient #1
Received health record request for patient #1
Received health record request for patient #1
Received health record request for patient #1
Received health record request for patient #1
Received health record request for patient #1
Received health record request for patient #1
Received health record request for patient #1
Received health record request for patient #1
Received health record request for patient #1
Received health record request for patient #1
Received health record request for patient #1
Received health record request for patient #1
Received health record request for patient #1
Received health record request for patient #1
Received health record request for patient #1
Received health record request for patient #1
Received health record request for patient #1
Received health record request for patient #1
Received health record request for patient #1
Received health record request for patient #1
Received health record request for patient #1
Received health record request for patient #1
Received health record request for patient #1
Received health record request for patient #1
Received health record request for patient #1
Received health record request for patient #1
Received health record request for patient #1
Received health record request for patient #1
Received health record request for patient #1
Received health record request for patient #1
Received health record request for patient #1
Received health record request for patient #1
Received health record request for patient #1
Received health record request for patient #1
Received health record request for patient #1
Received health record request for patient #1
Received health record request for patient #1
Received health record request for patient #1
Received health record request for patient #1
Received health record request for patient #1
Received health record request for patient #1
Received health record request for patient #1
Received health record request for patient #1
Received health record request for patient #1
Received health record request for patient #1
Received health record request for patient #1
Received health record request for patient #1
Received health record request for patient #1
Received health record request for patient #1
Received health record request for patient #1
Received health record request for patient #1
Received health record request for patient #1
Received health record request for patient #1
Received health record request for patient #1
Received health record request for patient #1
Received health record request for patient #1
Received health record request for patient #1
Received health record request for patient #1
Received health record request for patient #1
Received health record request for patient #1
Received health record request for patient #1
Received health record request for patient #1
Received health record request for patient #1
Received health record request for patient #1
Received health record request for patient #1
Received health record request for patient #1
Received health record request for patient #1
Received health record request for patient #1
Received health record request for patient #1
Received health record request for patient #1
Received health record request for patient #1
Received health record request for patient #1
Received health record request for patient #1
Received health record request for patient #1
Received health record request for patient #1
Received health record request for patient #1
Received health record request for patient #1
Received health record request for patient #1
Received health record request for patient #1
Received health record request for patient #1
Received health record request for patient #1
Received health record request for patient #1
Received health record request for patient #1
Received health record request for patient #1
Received health record request for patient #1
Received health record request for patient #1
Received health record request for patient #1
Received health record request for patient #1
Received health record request for patient #1
Received health record request for patient #1
Received health record request for patient #1
Received health record request for patient #1
Received health record request for patient #1
Received health record request for patient #1
Received health record request for patient #1
Received health record request for patient #1
Received health record request for patient #1
Received health record request for patient #1
Received health record request for patient #1
Received health record request for patient #1
Received health record request for patient #1
Received health record request for patient #1
Received health record request for patient #1
Received health record request for patient #1
Received health record request for patient #1
Received health record request for patient #1
Received health record request for patient #1
Received health record request for patient #1
Received health record request for patient #1
Received health record request for patient #1
Received health record request for patient #1
Received health record request for patient #1
Received health record request for patient #1
Received health record request for patient #1
Received health record request for patient #1
Received health record request for patient #1
Received health record request for patient #1
Received health record request for patient #1
Received health record request for patient #1
Received health record request for patient #1
Received health record request for patient #1
Received health record request for patient #1
Received health record request for patient #1
Received health record request for patient #1
Received health record request for patient #1
Received health record request for patient #1
Received health record request for patient #1
Received health record request for patient #1
Received health record request for patient #1
Received health record request for patient #1
Received health record request for patient #1
Received health record request for patient #1
Received health record request for patient #1
Received health record request for patient #1
Received health record request for patient #1
Received health record request for patient #1
Received health record request for patient #1
Received health record request for patient #1
Received health record request for patient #1
Received health record request for patient #1
Received health record request for patient #1
Received health record request for patient #1
Received health record request for patient #1
Received health record request for patient #1
Received health record request for patient #1
Received health record request for patient #1
Received health record request for patient #1
Received health record request for patient #1
Received health record request for patient #1
Received health record request for patient #1
Received health record request for patient #1
Received health record request for patient #1
Received health record request for patient #1
Received health record request for patient #1
Received health record request for patient #1
Received health record request for patient #1
Received health record request for patient #1
Received health record request for patient #1
Received health record request for patient #1
Received health record request for patient #1
Received health record request for patient #1
Received health record request for patient #1
Received health record request for patient #1
Received health record request for patient #1
Received health record request for patient #1
Received health record request for patient #1
Received health record request for patient #1
Received health record request for patient #1
Received health record request for patient #1
Received health record request for patient #1
Received health record request for patient #1
Received health record request for patient #1
Received health record request for patient #1
Received health record request for patient #1
Received health record request for patient #1
Received health record request for patient #1
Received health record request for patient #1
Received health record request for patient #1
Received health record request for patient #1
Received health record request for patient #1
Received health record request for patient #1
Received health record request for patient #1
Received health record request for patient #1
Received health record request for patient #1
Received health record request for patient #1
Received health record request for patient #1
Received health record request for patient #1
Received health record request for patient #1
Received health record request for patient #1
Received health record request for patient #1
Received health record request for patient #1
Received health record request for patient #1
Received health record request for patient #1
Received health record request for patient #1
Received health record request for patient #1
Received health record request for patient #1
Received health record request for patient #1
Received health record request for patient #1
Received health record request for patient #1
Received health record request for patient #1
Received health record request for patient #1
Received health record request for patient #1
Received health record request for patient #1
Received health record request for patient #1
Received health record request for patient #1
Received health record request for patient #1
Received health record request for patient #1
Received health record request for patient #1
Received health record request for patient #1
Received health record request for patient #1
Received health record request for patient #1
Received health record request for patient #1
Received health record request for patient #1
Received health record request for patient #1
Received health record request for patient #1
Received health record request for patient #1
Received health record request for patient #1
Received health record request for patient #1
Received health record request for patient #1
Received health record request for patient #1
Received health record request for patient #1
Received health record request for patient #1
Received health record request for patient #1
Received health record request for patient #1
Received health record request for patient #1
Received health record request for patient #1
Received health record request for patient #1
Received health record request for patient #1
Received health record request for patient #1
Received health record request for patient #1
Received health record request for patient #1
Received health record request for patient #1
Received health record request for patient #1
Received health record request for patient #1
Received health record request for patient #1
Received health record request for patient #1
Received health record request for patient #1
Received health record request for patient #1
Received health record request for patient #1
Received health record request for patient #1
Received health record request for patient #1
Received health record request for patient #1
Received health record request for patient #1
Received health record request for patient #1
Received health record request for patient #1
Received health record request for patient #1
Received health record request for patient #1
Received health record request for patient #1
Received health record request for patient #1
Received health record request for patient #1
Received health record request for patient #1
Received health record request for patient #1
Received health record request for patient #1
Received health record request for patient #1
Received health record request for patient #1
Received health record request for patient #1
Received health record request for patient #1
Received health record request for patient #1
Received health record request for patient #1
Received health record request for patient #1
Received health record request for patient #1
Received health record request for patient #1
Received health record request for patient #1
Received health record request for patient #1
Received health record request for patient #1
Received health record request for patient #1
Received health record request for patient #1
Received health record request for patient #1
Received health record request for patient #1
Received health record request for patient #1
Received health record request for patient #1
Received health record request for patient #1
Received health record request for patient #1
Received health record request for patient #1
Received health record request for patient #1
Received health record request for patient #1
Received health record request for patient #1
Received health record request for patient #1
Received health record request for patient #1
Received health record request for patient #1
Received health record request for patient #1
Received health record request for patient #1
Received health record request for patient #1
Received health record request for patient #1
Received health record request for patient #1
Received health record request for patient #1
Received health record request for patient #1
Received health record request for patient #1
Received health record request for patient #1
Received health record request for patient #1
Received health record request for patient #1
Received health record request for patient #1
Received health record request for patient #1
Received health record request for patient #1
Received health record request for patient #1
Received health record request for patient #1
Received health record request for patient #1
Received health record request for patient #1
Received health record request for patient #1
Received health record request for patient #1
Received health record request for patient #1
Received health record request for patient #1
Received health record request for patient #1
Received health record request for patient #1
Received health record request for patient #1
Received health record request for patient #1
Received health record request for patient #1
Received health record request for patient #1
Received health record request for patient #1
Received health record request for patient #1
Received health record request for patient #1
Received health record request for patient #1
Received health record request for patient #1
Received health record request for patient #1
Received health record request for patient #1
Received health record request for patient #1
Received health record request for patient #1
Received health record request for patient #1
Received health record request for patient #1
Received health record request for patient #1
Received health record request for patient #1
Received health record request for patient #1
Received health record request for patient #1
Received health record request for patient #1
Received health record request for patient #1
Received health record request for patient #1
Received health record request for patient #1
Received health record request for patient #1
Received health record request for patient #1
Received health record request for patient #1
Received health record request for patient #1
Received health record request for patient #1
Received health record request for patient #1
Received health record request for patient #1
Received health record request for patient #1
Received health record request for patient #1
Received health record request for patient #1
Received health record request for patient #1
Received health record request for patient #1
Received health record request for patient #1
Received health record request for patient #1
Received health record request for patient #1
Received health record request for patient #1
Received health record request for patient #1
Received health record request for patient #1
Received health record request for patient #1
Received health record request for patient #1
Received health record request for patient #1
Received health record request for patient #1
Received health record request for patient #1
Received health record request for patient #1
Received health record request for patient #1
Received health record request for patient #1
Received health record request for patient #1
Received health record request for patient #1
Received health record request for patient #1
Received health record request for patient #1
Received health record request for patient #1
Received health record request for patient #1
Received health record request for patient #1
Received health record request for patient #1
Received health record request for patient #1
Received health record request for patient #1
Received health record request for patient #1
Received health record request for patient #1
Received health record request for patient #1
Received health record request for patient #1
Received health record request for patient #1
Received health record request for patient #1
Received health record request for patient #1
Received health record request for patient #1
Received health record request for patient #1
Received health record request for patient #1
Received health record request for patient #1
Received health record request for patient #1
Received health record request for patient #1
Received health record request for patient #1
Received health record request for patient #1
Received health record request for patient #1
Received health record request for patient #1
Received health record request for patient #1
Received health record request for patient #1
Received health record request for patient #1
Received health record request for patient #1
Received health record request for patient #1
Received health record request for patient #1
Received health record request for patient #1
Received health record request for patient #1
Received health record request for patient #1
Received health record request for patient #1
Received health record request for patient #1
Received health record request for patient #1
Received health record request for patient #1
Received health record request for patient #1
Received health record request for patient #1
Received health record request for patient #1
Received health record request for patient #1
Received health record request for patient #1
Received health record request for patient #1
Received health record request for patient #1
Received health record request for patient #1
Received health record request for patient #1
Received health record request for patient #1
Received health record request for patient #1
Received health record request for patient #1
Received health record request for patient #1
Received health record request for patient #1
Received health record request for patient #1
Received health record request for patient #1
Received health record request for patient #1
Received health record request for patient #1
Received health record request for patient #1
Received health record request for patient #1
Received health record request for patient #1
Received health record request for patient #1
Received health record request for patient #1
Received health record request for patient #1
Received health record request for patient #1
Received health record request for patient #1
Received health record request for patient #1
Received health record request for patient #1
Received health record request for patient #1
Received health record request for patient #1
Received health record request for patient #1
Received health record request for patient #1
Received health record request for patient #1
Received health record request for patient #1
Received health record request for patient #1
Received health record request for patient #1
Received health record request for patient #1
Received health record request for patient #1
Received health record request for patient #1
Received health record request for patient #1
Received health record request for patient #1
Received health record request for patient #1
Received health record request for patient #1
Received health record request for patient #1
Received health record request for patient #1
Received health record request for patient #1
Received health record request for patient #1
Received health record request for patient #1
Received health record request for patient #1
Received health record request for patient #1
Received health record request for patient #1
Received health record request for patient #1
Received health record request for patient #1
Received health record request for patient #1
Received health record request for patient #1
Received health record request for patient #1
Received health record request for patient #1
Received health record request for patient #1
Received health record request for patient #1
Received health record request for patient #1
Received health record request for patient #1
Received health record request for patient #1
Received health record request for patient #1
Received health record request for patient #1
Received health record request for patient #1
Received health record request for patient #1
Received health record request for patient #1
Received health record request for patient #1
Received health record request for patient #1
Received health record request for patient #1
Received health record request for patient #1
Received health record request for patient #1
Received health record request for patient #1
Received health record request for patient #1
Received health record request for patient #1
Received health record request for patient #1
Received health record request for patient #1
Received health record request for patient #1
Received health record request for patient #1
Received health record request for patient #1
Received health record request for patient #1
Received health record request for patient #1
Received health record request for patient #1
Received health record request for patient #1
Received health record request for patient #1
Received health record request for patient #1
Received health record request for patient #1
Received health record request for patient #1
Received health record request for patient #1
Received health record request for patient #1
Received health record request for patient #1
Received health record request for patient #1
Received health record request for patient #1
Received health record request for patient #1
Received health record request for patient #1
Received health record request for patient #1
Received health record request for patient #1
Received health record request for patient #1
Received health record request for patient #1
Received health record request for patient #1
Received health record request for patient #1
Received health record request for patient #1
Received health record request for patient #1
Received health record request for patient #1
Received health record request for patient #1
Received health record request for patient #1
Received health record request for patient #1
Received health record request for patient #1
Received health record request for patient #1
Received health record request for patient #1
Received health record request for patient #1
Received health record request for patient #1
Received health record request for patient #1
Received health record request for patient #1
Received health record request for patient #1
Received health record request for patient #1
Received health record request for patient #1
Received health record request for patient #1
Received health record request for patient #1
Received health record request for patient #1
Received health record request for patient #1
Received health record request for patient #1
Received health record request for patient #1
Received health record request for patient #1
Received health record request for patient #1
Received health record request for patient #1
Received health record request for patient #1
Received health record request for patient #1
Received health record request for patient #1
Received health record request for patient #1
Received health record request for patient #1
Received health record request for patient #1
Received health record request for patient #1
Received health record request for patient #1
Received health record request for patient #1
Received health record request for patient #1
Received health record request for patient #1
Received health record request for patient #1
Received health record request for patient #1
Received health record request for patient #1
Received health record request for patient #1
Received health record request for patient #1
Received health record request for patient #1
Received health record request for patient #1
Received health record request for patient #1
Received health record request for patient #1
Received health record request for patient #1
Received health record request for patient #1
Received health record request for patient #1
Received health record request for patient #1
Received health record request for patient #1
Received health record request for patient #1
Received health record request for patient #1
Received health record request for patient #1
Received health record request for patient #1
Received health record request for patient #1
Received health record request for patient #1
Received health record request for patient #1
Received health record request for patient #1
Received health record request for patient #1
Received health record request for patient #1
Received health record request for patient #1
Received health record request for patient #1
Received health record request for patient #1
Received health record request for patient #1
Received health record request for patient #1
Received health record request for patient #1
Received health record request for patient #1
Received health record request for patient #1
Received health record request for patient #1
Received health record request for patient #1
Received health record request for patient #1
Received health record request for patient #1
Received health record request for patient #1
Received health record request for patient #1
Received health record request for patient #1
Received health record request for patient #1
Received health record request for patient #1
Received health record request for patient #1
Received health record request for patient #1
Received health record request for patient #1
Received health record request for patient #1
Received health record request for patient #1
Received health record request for patient #1
Received health record request for patient #1
Received health record request for patient #1
Received health record request for patient #1
Received health record request for patient #1
Received health record request for patient #1
Received health record request for patient #1
Received health record request for patient #1
Received health record request for patient #1
Received health record request for patient #1
Received health record request for patient #1
Received health record request for patient #1
Received health record request for patient #1
Received health record request for patient #1
Received health record request for patient #1
Received health record request for patient #1
Received health record request for patient #1
Received health record request for patient #1
Received health record request for patient #1
Received health record request for patient #1
Received health record request for patient #1
Received health record request for patient #1
Received health record request for patient #1
Received health record request for patient #1
Received health record request for patient #1
Received health record request for patient #1
Received health record request for patient #1
Received health record request for patient #1
Received health record request for patient #1
Received health record request for patient #1
Received health record request for patient #1
Received health record request for patient #1
Received health record request for patient #1
Received health record request for patient #1
Received health record request for patient #1
Received health record request for patient #1
Received health record request for patient #1
Received health record request for patient #1
Received health record request for patient #1
Received health record request for patient #1
Received health record request for patient #1
Received health record request for patient #1
Received health record request for patient #1
Received health record request for patient #1
Received health record request for patient #1
Received health record request for patient #1
Received health record request for patient #1
Received health record request for patient #1
Received health record request for patient #1
Received health record request for patient #1
Received health record request for patient #1
Received health record request for patient #1
Received health record request for patient #1
Received health record request for patient #1
Received health record request for patient #1
Received health record request for patient #1
Received health record request for patient #1
Received health record request for patient #1
Received health record request for patient #1
Received health record request for patient #1
Received health record request for patient #1
Received health record request for patient #1
Received health record request for patient #1
Received health record request for patient #1
Received health record request for patient #1
Received health record request for patient #1
Received health record request for patient #1
Received health record request for patient #1
Received health record request for patient #1
Received health record request for patient #1
Received health record request for patient #1
Received health record request for patient #1
Received health record request for patient #1
Received health record request for patient #1
Received health record request for patient #1
Received health record request for patient #1
Received health record request for patient #1
Received health record request for patient #1
Received health record request for patient #1
Received health record request for patient #1
Received health record request for patient #1
Received health record request for patient #1
Received health record request for patient #1
Received health record request for patient #1
Received health record request for patient #1
Received health record request for patient #1
Received health record request for patient #1
Received health record request for patient #1
Received health record request for patient #1
Received health record request for patient #1
Received health record request for patient #1
Received health record request for patient #1
Received health record request for patient #1
Received health record request for patient #1
Received health record request for patient #1
Received health record request for patient #1
Received health record request for patient #1
Received health record request for patient #1
Received health record request for patient #1
Received health record request for patient #1
Received health record request for patient #1
Received health record request for patient #1
Received health record request for patient #1
Received health record request for patient #1
Received health record request for patient #1
Received health record request for patient #1
Received health record request for patient #1
Received health record request for patient #1
Received health record request for patient #1
Received health record request for patient #1
Received health record request for patient #1
Received health record request for patient #1
Received health record request for patient #1
Received health record request for patient #1
Received health record request for patient #1
Received health record request for patient #1
Received health record request for patient #1
Received health record request for patient #1
Received health record request for patient #1
Received health record request for patient #1
Received health record request for patient #1
Received health record request for patient #1
Received health record request for patient #1
Received health record request for patient #1
Received health record request for patient #1
Received health record request for patient #1
Received health record request for patient #1
Received health record request for patient #1
Received health record request for patient #1
Received health record request for patient #1
Received health record request for patient #1
Received health record request for patient #1
Received health record request for patient #1
Received health record request for patient #1
Received health record request for patient #1
Received health record request for patient #1
Received health record request for patient #1
Received health record request for patient #1
Received health record request for patient #1
Received health record request for patient #1
Received health record request for patient #1
Received health record request for patient #1
Received health record request for patient #1
Received health record request for patient #1
Received health record request for patient #1
Received health record request for patient #1
Received health record request for patient #1
Received health record request for patient #1
Received health record request for patient #1
Received health record request for patient #1
Received health record request for patient #1
Received health record request for patient #1
Received health record request for patient #1
Received health record request for patient #1
Received health record request for patient #1
Received health record request for patient #1
Received health record request for patient #1
Received health record request for patient #1
Received health record request for patient #1
Received health record request for patient #1
Received health record request for patient #1
Received health record request for patient #1
Received health record request for patient #1
Received health record request for patient #1
Received health record request for patient #1
Received health record request for patient #1
Received health record request for patient #1
Received health record request for patient #1
Received health record request for patient #1
Received health record request for patient #1
Received health record request for patient #1
Received health record request for patient #1
Received health record request for patient #1
Received health record request for patient #1
Received health record request for patient #1
Received health record request for patient #1
Received health record request for patient #1
Received health record request for patient #1
Received health record request for patient #1
Received health record request for patient #1
Received health record request for patient #1
Received health record request for patient #1
Received health record request for patient #1
Received health record request for patient #1
Received health record request for patient #1
Received health record request for patient #1
Received health record request for patient #1
Received health record request for patient #1
Received health record request for patient #1
Received health record request for patient #1
Received health record request for patient #1
Received health record request for patient #1
Received health record request for patient #1
Received health record request for patient #1
Received health record request for patient #1
Received health record request for patient #1
Received health record request for patient #1
Received health record request for patient #1
Received health record request for patient #1
Received health record request for patient #1
Received health record request for patient #1
Received health record request for patient #1
Received health record request for patient #1
Received health record request for patient #1
Received health record request for patient #1
Received health record request for patient #1
Received health record request for patient #1
Received health record request for patient #1
Received health record request for patient #1
Received health record request for patient #1
Received health record request for patient #1
Received health record request for patient #1
Received health record request for patient #1
Received health record request for patient #1
Received health record request for patient #1
Received health record request for patient #1
Received health record request for patient #1
Received health record request for patient #1
Received health record request for patient #1
Received health record request for patient #1
Received health record request for patient #1
Received health record request for patient #1
Received health record request for patient #1
Received health record request for patient #1
Received health record request for patient #1
Received health record request for patient #1
Received health record request for patient #1
Received health record request for patient #1
Received health record request for patient #1
Received health record request for patient #1
Received health record request for patient #1
Received health record request for patient #1
Received health record request for patient #1
Received health record request for patient #1
Received health record request for patient #1
Received health record request for patient #1
Received health record request for patient #1
Received health record request for patient #1
Received health record request for patient #1
Received health record request for patient #1
Received health record request for patient #1
Received health record request for patient #1
Received health record request for patient #1
Received health record request for patient #1
Received health record request for patient #1
Received health record request for patient #1
Received health record request for patient #1
Received health record request for patient #1
Received health record request for patient #1
Received health record request for patient #1
Received health record request for patient #1
Received health record request for patient #1
Received health record request for patient #1
Received health record request for patient #1
Received health record request for patient #1
Received health record request for patient #1
Received health record request for patient #1
Received health record request for patient #1
Received health record request for patient #1
Received health record request for patient #1
Received health record request for patient #1
Received health record request for patient #1
Received health record request for patient #1
Received health record request for patient #1
Received health record request for patient #1
Received health record request for patient #1
Received health record request for patient #1
Received health record request for patient #1
Received health record request for patient #1
Received health record request for patient #1
Received health record request for patient #1
Received health record request for patient #1
Received health record request for patient #1
Received health record request for patient #1
Received health record request for patient #1
Received health record request for patient #1
Received health record request for patient #1
Received health record request for patient #1
Received health record request for patient #1
Received health record request for patient #1
Received health record request for patient #1
Received health record request for patient #1
Received health record request for patient #1
Received health record request for patient #1
Received health record request for patient #1
Received health record request for patient #1
Received health record request for patient #1
Received health record request for patient #1
Received health record request for patient #1
Received health record request for patient #1
Received health record request for patient #1
Received health record request for patient #1
Received health record request for patient #1
Received health record request for patient #1
Received health record request for patient #1
Received health record request for patient #1
Received health record request for patient #1
Received health record request for patient #1
Received health record request for patient #1
Received health record request for patient #1
Received health record request for patient #1
Received health record request for patient #1
Received health record request for patient #1
Received health record request for patient #1
Received health record request for patient #1
Received health record request for patient #1
Received health record request for patient #1
Received health record request for patient #1
Received health record request for patient #1
Received health record request for patient #1
Received health record request for patient #1
Received health record request for patient #1
Received health record request for patient #1
Received health record request for patient #1
Received health record request for patient #1
Received health record request for patient #1
Received health record request for patient #1
Received health record request for patient #1
Received health record request for patient #1
Received health record request for patient #1
Received health record request for patient #1
Received health record request for patient #1
Received health record request for patient #1
Received health record request for patient #1
Received health record request for patient #1
Received health record request for patient #1
Received health record request for patient #1
Received health record request for patient #1
Received health record request for patient #1
Received health record request for patient #1
Received health record request for patient #1
Received health record request for patient #1
Received health record request for patient #1
Received health record request for patient #1
Received health record request for patient #1
Received health record request for patient #1
Received health record request for patient #1
Received health record request for patient #1
Received health record request for patient #1
Received health record request for patient #1
Received health record request for patient #1
Received health record request for patient #1
Received health record request for patient #1
Received health record request for patient #1
Received health record request for patient #1
Received health record request for patient #1
Received health record request for patient #1
Received health record request for patient #1
Received health record request for patient #1
Received health record request for patient #1
Received health record request for patient #1
Received health record request for patient #1
Received health record request for patient #1
Received health record request for patient #1
Received health record request for patient #1
Received health record request for patient #1
Received health record request for patient #1
Received health record request for patient #1
Received health record request for patient #1
Received health record request for patient #1
Received health record request for patient #1
Received health record request for patient #1
Received health record request for patient #1
Received health record request for patient #1
Received health record request for patient #1
Received health record request for patient #1
Received health record request for patient #1
Received health record request for patient #1
Received health record request for patient #1
Received health record request for patient #1
Received health record request for patient #1
Received health record request for patient #1
Received health record request for patient #1
Received health record request for patient #1
Received health record request for patient #1
Received health record request for patient #1
Received health record request for patient #1
Received health record request for patient #1
Received health record request for patient #1
Received health record request for patient #1
Received health record request for patient #1
Received health record request for patient #1
Received health record request for patient #1
Received health record request for patient #1
Received health record request for patient #1
Received health record request for patient #1
Received health record request for patient #1
Received health record request for patient #1
Received health record request for patient #1
Received health record request for patient #1
Received health record request for patient #1
Received health record request for patient #1
Received health record request for patient #1
Received health record request for patient #1
Received health record request for patient #1
Received health record request for patient #1
Received health record request for patient #1
Received health record request for patient #1
Received health record request for patient #1
Received health record request for patient #1
Received health record request for patient #1
Received health record request for patient #1
Received health record request for patient #1
Received health record request for patient #1
Received health record request for patient #1
Received health record request for patient #1
Received health record request for patient #1
Received health record request for patient #1
Received health record request for patient #1
Received health record request for patient #1
Received health record request for patient #1
Received health record request for patient #1
Received health record request for patient #1
Received health record request for patient #1
Received health record request for patient #1
Received health record request for patient #1
Received health record request for patient #1
Received health record request for patient #1
Received health record request for patient #1
Received health record request for patient #1
Received health record request for patient #1
Received health record request for patient #1
Received health record request for patient #1
Received health record request for patient #1
Received health record request for patient #1
Received health record request for patient #1
Received health record request for patient #1
Received health record request for patient #1
Received health record request for patient #1
Received health record request for patient #1
Received health record request for patient #1
Received health record request for patient #1
Received health record request for patient #1
Received health record request for patient #1
Received health record request for patient #1
Received health record request for patient #1
Received health record request for patient #1
Received health record request for patient #1
Received health record request for patient #1
Received health record request for patient #1
Received health record request for patient #1
Received health record request for patient #1
Received health record request for patient #1
Received health record request for patient #1
Received health record request for patient #1
Received health record request for patient #1
Received health record request for patient #1
Received health record request for patient #1
Received health record request for patient #1
Received health record request for patient #1
Received health record request for patient #1
Received health record request for patient #1
Received health record request for patient #1
Received health record request for patient #1
Received health record request for patient #1
Received health record request for patient #1
Received health record request for patient #1
Received health record request for patient #1
Received health record request for patient #1
Received health record request for patient #1
Received health record request for patient #1
Received health record request for patient #1
Received health record request for patient #1
Received health record request for patient #1
Received health record request for patient #1
Received health record request for patient #1
Received health record request for patient #1
Received health record request for patient #1
Received health record request for patient #1
Received health record request for patient #1
Received health record request for patient #1
Received health record request for patient #1
Received health record request for patient #1
Received health record request for patient #1
Received health record request for patient #1
Received health record request for patient #1
Received health record request for patient #1
Received health record request for patient #1
Received health record request for patient #1
Received health record request for patient #1
Received health record request for patient #1
Received health record request for patient #1
Received health record request for patient #1
Received health record request for patient #1
Received health record request for patient #1
Received health record request for patient #1
Received health record request for patient #1
Received health record request for patient #1
Received health record request for patient #1
Received health record request for patient #1
Received health record request for patient #1
Received health record request for patient #1
Received health record request for patient #1
Received health record request for patient #1
Received health record request for patient #1
Received health record request for patient #1
Received health record request for patient #1
Received health record request for patient #1
Received health record request for patient #1
Received health record request for patient #1
Received health record request for patient #1
Received health record request for patient #1
Received health record request for patient #1
Received health record request for patient #1
Received health record request for patient #1
Received health record request for patient #1
Received health record request for patient #1
Received health record request for patient #1
Received health record request for patient #1
Received health record request for patient #1
Received health record request for patient #1
Received health record request for patient #1
Received health record request for patient #1
Received health record request for patient #1
Received health record request for patient #1
Received health record request for patient #1
Received health record request for patient #1
Received health record request for patient #1
Received health record request for patient #1
Received health record request for patient #1
Received health record request for patient #1
Received health record request for patient #1
Received health record request for patient #1
Received health record request for patient #1
Received health record request for patient #1
Received health record request for patient #1
Received health record request for patient #1
Received health record request for patient #1
Received health record request for patient #1
Received health record request for patient #1
Received health record request for patient #1
Received health record request for patient #1
Received health record request for patient #1
Received health record request for patient #1
Received health record request for patient #1
Received health record request for patient #1
Received health record request for patient #1
Received health record request for patient #1
Received health record request for patient #1
Received health record request for patient #1
Received health record request for patient #1
Received health record request for patient #1
Received health record request for patient #1
Received health record request for patient #1
Received health record request for patient #1
Received health record request for patient #1
Received health record request for patient #1
Received health record request for patient #1
Received health record request for patient #1
Received health record request for patient #1
Received health record request for patient #1
Received health record request for patient #1
Received health record request for patient #1
Received health record request for patient #1
Received health record request for patient #1
Received health record request for patient #1
Received health record request for patient #1
Received health record request for patient #1
Received health record request for patient #1
Received health record request for patient #1
Received health record request for patient #1
Received health record request for patient #1
Received health record request for patient #1
Received health record request for patient #1
Received health record request for patient #1
Received health record request for patient #1
Received health record request for patient #1
Received health record request for patient #1
Received health record request for patient #1
Received health record request for patient #1
Received health record request for patient #1
Received health record request for patient #1
Received health record request for patient #1
Received health record request for patient #1
Received health record request for patient #1
Received health record request for patient #1
Received health record request for patient #1
Received health record request for patient #1
Received health record request for patient #1
Received health record request for patient #1
Received health record request for patient #1
Received health record request for patient #1
Received health record request for patient #1
Received health record request for patient #1
Received health record request for patient #1
Received health record request for patient #1
Received health record request for patient #1
Received health record request for patient #1
Received health record request for patient #1
Received health record request for patient #1
Received health record request for patient #1
Received health record request for patient #1
Received health record request for patient #1
Received health record request for patient #1
Received health record request for patient #1
Received health record request for patient #1
Received health record request for patient #1
Received health record request for patient #1
Received health record request for patient #1
Received health record request for patient #1
Received health record request for patient #1
Received health record request for patient #1
Received health record request for patient #1
Received health record request for patient #1
Received health record request for patient #1
Received health record request for patient #1
Received health record request for patient #1
Received health record request for patient #1
Received health record request for patient #1
Received health record request for patient #1
Received health record request for patient #1
Received health record request for patient #1
Received health record request for patient #1
Received health record request for patient #1
Received health record request for patient #1
Received health record request for patient #1
Received health record request for patient #1
Received health record request for patient #1
Received health record request for patient #1
Received health record request for patient #1
Received health record request for patient #1
Received health record request for patient #1
Received health record request for patient #1
Received health record request for patient #1
Received health record request for patient #1
Received health record request for patient #1
Received health record request for patient #1
Received health record request for patient #1
Received health record request for patient #1
Received health record request for patient #1
Received health record request for patient #1
Received health record request for patient #1
Received health record request for patient #1
Received health record request for patient #1
Received health record request for patient #1
Received health record request for patient #1
Received health record request for patient #1
Received health record request for patient #1
Received health record request for patient #1
Received health record request for patient #1
Received health record request for patient #1
Received health record request for patient #1
Received health record request for patient #1
Received health record request for patient #1
Received health record request for patient #1
Received health record request for patient #1
Received health record request for patient #1
Received health record request for patient #1
Received health record request for patient #1
Received health record request for patient #1
Received health record request for patient #1
Received health record request for patient #1
Received health record request for patient #1
Received health record request for patient #1
Received health record request for patient #1
Received health record request for patient #1
Received health record request for patient #1
Received health record request for patient #1
Received health record request for patient #1
Received health record request for patient #1
Received health record request for patient #1
Received health record request for patient #1
Received health record request for patient #1
Received health record request for patient #1
Received health record request for patient #1
Received health record request for patient #1
Received health record request for patient #1
Received health record request for patient #1
Received health record request for patient #1
Received health record request for patient #1
Received health record request for patient #1
Received health record request for patient #1
Received health record request for patient #1
Received health record request for patient #1
Received health record request for patient #1
Received health record request for patient #1
Received health record request for patient #1
Received health record request for patient #1
Received health record request for patient #1
Received health record request for patient #1
Received health record request for patient #1
Received health record request for patient #1
Received health record request for patient #1
Received health record request for patient #1
Received health record request for patient #1
Received health record request for patient #1
Received health record request for patient #1
Received health record request for patient #1
Received health record request for patient #1
Received health record request for patient #1
Received health record request for patient #1
Received health record request for patient #1
Received health record request for patient #1
Received health record request for patient #1
Received health record request for patient #1
Received health record request for patient #1
Received health record request for patient #1
Received health record request for patient #1
Received health record request for patient #1
Received health record request for patient #1
Received health record request for patient #1
Received health record request for patient #1
Received health record request for patient #1
Received health record request for patient #1
Received health record request for patient #1
Received health record request for patient #1
Received health record request for patient #1
Received health record request for patient #1
Received health record request for patient #1
Received health record request for patient #1
Received health record request for patient #1
Received health record request for patient #1
Received health record request for patient #1
Received health record request for patient #1
Received health record request for patient #1
Received health record request for patient #1
Received health record request for patient #1
Received health record request for patient #1
Received health record request for patient #1
Received health record request for patient #1
Received health record request for patient #1
Received health record request for patient #1
Received health record request for patient #1
Received health record request for patient #1
Received health record request for patient #1
Received health record request for patient #1
Received health record request for patient #1
Received health record request for patient #1
Received health record request for patient #1
Received health record request for patient #1
Received health record request for patient #1
Received health record request for patient #1
Received health record request for patient #1
Received health record request for patient #1
Received health record request for patient #1
Received health record request for patient #1
Received health record request for patient #1
Received health record request for patient #1
Received health record request for patient #1
Received health record request for patient #1
Received health record request for patient #1
Received health record request for patient #1
Received health record request for patient #1
Received health record request for patient #1
Received health record request for patient #1
Received health record request for patient #1
Received health record request for patient #1
Received health record request for patient #1
Received health record request for patient #1
Received health record request for patient #1
Received health record request for patient #1
Received health record request for patient #1
Received health record request for patient #1
Received health record request for patient #1
Received health record request for patient #1
Received health record request for patient #1
Received health record request for patient #1
Received health record request for patient #1
Received health record request for patient #1
Received health record request for patient #1
Received health record request for patient #1
Received health record request for patient #1
Received health record request for patient #1
Received health record request for patient #1
Received health record request for patient #1
Received health record request for patient #1
Received health record request for patient #1
Received health record request for patient #1
Received health record request for patient #1
Received health record request for patient #1
Received health record request for patient #1
Received health record request for patient #1
Received health record request for patient #1
Received health record request for patient #1
Received health record request for patient #1
Received health record request for patient #1
Received health record request for patient #1
Received health record request for patient #1
Received health record request for patient #1
Received health record request for patient #1
Received health record request for patient #1
Received health record request for patient #1
Received health record request for patient #1
Received health record request for patient #1
Received health record request for patient #1
Received health record request for patient #1
Received health record request for patient #1
Received health record request for patient #1
Received health record request for patient #1
Received health record request for patient #1
Received health record request for patient #1
Received health record request for patient #1
Received health record request for patient #1
Received health record request for patient #1
Received health record request for patient #1
Received health record request for patient #1
Received health record request for patient #1
Received health record request for patient #1
Received health record request for patient #1
Received health record request for patient #1
Received health record request for patient #1
Received health record request for patient #1
Received health record request for patient #1
Received health record request for patient #1
Received health record request for patient #1
Received health record request for patient #1
Received health record request for patient #1
Received health record request for patient #1
Received health record request for patient #1
Received health record request for patient #1
Received health record request for patient #1
Received health record request for patient #1
Received health record request for patient #1
Received health record request for patient #1
Received health record request for patient #1
Received health record request for patient #1
Received health record request for patient #1
Received health record request for patient #1
Received health record request for patient #1
Received health record request for patient #1
Received health record request for patient #1
Received health record request for patient #1
Received health record request for patient #1
Received health record request for patient #1
Received health record request for patient #1
Received health record request for patient #1
Received health record request for patient #1
Received health record request for patient #1
Received health record request for patient #1
Received health record request for patient #1
Received health record request for patient #1
Received health record request for patient #1
Received health record request for patient #1
Received health record request for patient #1
Received health record request for patient #1
Received health record request for patient #1
Received health record request for patient #1
Received health record request for patient #1
Received health record request for patient #1
Received health record request for patient #1
Received health record request for patient #1
Received health record request for patient #1
Received health record request for patient #1
Received health record request for patient #1
Received health record request for patient #1
Received health record request for patient #1
Received health record request for patient #1
Received health record request for patient #1
Received health record request for patient #1
Received health record request for patient #1
Received health record request for patient #1
Received health record request for patient #1
Received health record request for patient #1
Received health record request for patient #1
Received health record request for patient #1
Received health record request for patient #1
Received health record request for patient #1
Received health record request for patient #1
Received health record request for patient #1
Received health record request for patient #1
Received health record request for patient #1
Received health record request for patient #1
Received health record request for patient #1
Received health record request for patient #1
Received health record request for patient #1
Received health record request for patient #1
Received health record request for patient #1
Received health record request for patient #1
Received health record request for patient #1
Received health record request for patient #1
Received health record request for patient #1
Received health record request for patient #1
Received health record request for patient #1
Received health record request for patient #1
Received health record request for patient #1
Received health record request for patient #1
Received health record request for patient #1
Received health record request for patient #1
Received health record request for patient #1
Received health record request for patient #1
Received health record request for patient #1
Received health record request for patient #1
Received health record request for patient #1
Received health record request for patient #1
Received health record request for patient #1
Received health record request for patient #1
Received health record request for patient #1
Received health record request for patient #1
Received health record request for patient #1
Received health record request for patient #1
Received health record request for patient #1
Received health record request for patient #1
Received health record request for patient #1
Received health record request for patient #1
Received health record request for patient #1
Received health record request for patient #1
Received health record request for patient #1
Received health record request for patient #1
Received health record request for patient #1
Received health record request for patient #1
Received health record request for patient #1
Received health record request for patient #1
Received health record request for patient #1
Received health record request for patient #1
Received health record request for patient #1
Received health record request for patient #1
Received health record request for patient #1
Received health record request for patient #1
Received health record request for patient #1
Received health record request for patient #1
Received health record request for patient #1
Received health record request for patient #1
Received health record request for patient #1
Received health record request for patient #1
Received health record request for patient #1
Received health record request for patient #1
Received health record request for patient #1
Received health record request for patient #1
Received health record request for patient #1
Received health record request for patient #1
Received health record request for patient #1
Received health record request for patient #1
Received health record request for patient #1
Received health record request for patient #1
Received health record request for patient #1
Received health record request for patient #1
Received health record request for patient #1
Received health record request for patient #1
Received health record request for patient #1
Received health record request for patient #1
Received health record request for patient #1
Received health record request for patient #1
Received health record request for patient #1
Received health record request for patient #1
Received health record request for patient #1
Received health record request for patient #1
Received health record request for patient #1
Received health record request for patient #1
Received health record request for patient #1
Received health record request for patient #1
Received health record request for patient #1
Received health record request for patient #1
Received health record request for patient #1
Received health record request for patient #1
Received health record request for patient #1
Received health record request for patient #1
Received health record request for patient #1
Received health record request for patient #1
Received health record request for patient #1
Received health record request for patient #1
Received health record request for patient #1
Received health record request for patient #1
Received health record request for patient #1
Received health record request for patient #1
Received health record request for patient #1
Received health record request for patient #1
Received health record request for patient #1
Received health record request for patient #1
Received health record request for patient #1
Received health record request for patient #1
Received health record request for patient #1
Received health record request for patient #1
Received health record request for patient #1
Received health record request for patient #1
Received health record request for patient #1
Received health record request for patient #1
Received health record request for patient #1
Received health record request for patient #1
Received health record request for patient #1
Received health record request for patient #1
Received health record request for patient #1
Received health record request for patient #1
Received health record request for patient #1
Received health record request for patient #1
Received health record request for patient #1
Received health record request for patient #1
Received health record request for patient #1
Received health record request for patient #1
Received health record request for patient #1
Received health record request for patient #1
Received health record request for patient #1
Received health record request for patient #1
Received health record request for patient #1
Received health record request for patient #1
Received health record request for patient #1
Received health record request for patient #1
Received health record request for patient #1
Received health record request for patient #1
Received health record request for patient #1
Received health record request for patient #1
Received health record request for patient #1
Received health record request for patient #1
Received health record request for patient #1
Received health record request for patient #1
Received health record request for patient #1
Received health record request for patient #1
Received health record request for patient #1
Received health record request for patient #1
Received health record request for patient #1
Received health record request for patient #1
Received health record request for patient #1
Received health record request for patient #1
Received health record request for patient #1
Received health record request for patient #1
Received health record request for patient #1
Received health record request for patient #1
Received health record request for patient #1
Received health record request for patient #1
Received health record request for patient #1
Received health record request for patient #1
Received health record request for patient #1
Received health record request for patient #1
Received health record request for patient #1
Received health record request for patient #1
Received health record request for patient #1
Received health record request for patient #1
Received health record request for patient #1
Received health record request for patient #1
Received health record request for patient #1
Received health record request for patient #1
Received health record request for patient #1
Received health record request for patient #1
Received health record request for patient #1
Received health record request for patient #1
Received health record request for patient #1
Received health record request for patient #1
Received health record request for patient #1
Received health record request for patient #1
Received health record request for patient #1
Received health record request for patient #1
Received health record request for patient #1
Received health record request for patient #1
Received health record request for patient #1
Received health record request for patient #1
Received health record request for patient #1
Received health record request for patient #1
Received health record request for patient #1
Received health record request for patient #1
Received health record request for patient #1
Received health record request for patient #1
Received health record request for patient #1
Received health record request for patient #1
Received health record request for patient #1
Received health record request for patient #1
Received health record request for patient #1
Received health record request for patient #1
Received health record request for patient #1
Received health record request for patient #1
Received health record request for patient #1
Received health record request for patient #1
Received health record request for patient #1
Received health record request for patient #1
Received health record request for patient #1
Received health record request for patient #1
Received health record request for patient #1
Received health record request for patient #1
Received health record request for patient #1
Received health record request for patient #1
Received health record request for patient #1
Received health record request for patient #1
Received health record request for patient #1
Received health record request for patient #1
Received health record request for patient #1
Received health record request for patient #1
Received health record request for patient #1
Received health record request for patient #1
Received health record request for patient #1
Received health record request for patient #1
Received health record request for patient #1
Received health record request for patient #1
Received health record request for patient #1
Received health record request for patient #1
Received health record request for patient #1
Received health record request for patient #1
Received health record request for patient #1
Received health record request for patient #1
Received health record request for patient #1
Received health record request for patient #1
Received health record request for patient #1
Received health record request for patient #1
Received health record request for patient #1
Received health record request for patient #1
Received health record request for patient #1
Received health record request for patient #1
Received health record request for patient #1
Received health record request for patient #1
Received health record request for patient #1
Received health record request for patient #1
Received health record request for patient #1
Received health record request for patient #1
Received health record request for patient #1
Received health record request for patient #1
Received health record request for patient #1
Received health record request for patient #1
Received health record request for patient #1
Received health record request for patient #1
Received health record request for patient #1
Received health record request for patient #1
Received health record request for patient #1
Received health record request for patient #1
Received health record request for patient #1
Received health record request for patient #1
Received health record request for patient #1
Received health record request for patient #1
Received health record request for patient #1
Received health record request for patient #1
Received health record request for patient #1
Received health record request for patient #1
Received health record request for patient #1
Received health record request for patient #1
Received health record request for patient #1
Received health record request for patient #1
Received health record request for patient #1
Received health record request for patient #1
Received health record request for patient #1
Received health record request for patient #1
Received health record request for patient #1
Received health record request for patient #1
Received health record request for patient #1
Received health record request for patient #1
Received health record request for patient #1
Received health record request for patient #1
Received health record request for patient #1
Received health record request for patient #1
Received health record request for patient #1
Received health record request for patient #1
Received health record request for patient #1
Received health record request for patient #1
Received health record request for patient #1
Received health record request for patient #1
Received health record request for patient #1
Received health record request for patient #1
Received health record request for patient #1
Received health record request for patient #1
Received health record request for patient #1
Received health record request for patient #1
Received health record request for patient #1
Received health record request for patient #1
Received health record request for patient #1
Received health record request for patient #1
Received health record request for patient #1
Received health record request for patient #1
Received health record request for patient #1
Received health record request for patient #1
Received health record request for patient #1
Received health record request for patient #1
Received health record request for patient #1
Received health record request for patient #1
Received health record request for patient #1
Received health record request for patient #1
Received health record request for patient #1
Received health record request for patient #1
Received health record request for patient #1
Received health record request for patient #1
Received health record request for patient #1
Received health record request for patient #1
Received health record request for patient #1
Received health record request for patient #1
Received health record request for patient #1
Received health record request for patient #1
Received health record request for patient #1
Received health record request for patient #1
Received health record request for patient #1
Received health record request for patient #1
Received health record request for patient #1
Received health record request for patient #1
Received health record request for patient #1
Received health record request for patient #1
Received health record request for patient #1
Received health record request for patient #1
Received health record request for patient #1
Received health record request for patient #1
Received health record request for patient #1
Received health record request for patient #1
Received health record request for patient #1
Received health record request for patient #1
Received health record request for patient #1
Received health record request for patient #1
Received health record request for patient #1
Received health record request for patient #1
Received health record request for patient #1
Received health record request for patient #1
Received health record request for patient #1
Received health record request for patient #1
Received health record request for patient #1
Received health record request for patient #1
Received health record request for patient #1
Received health record request for patient #1
Received health record request for patient #1
Received health record request for patient #1
Received health record request for patient #1
Received health record request for patient #1
Received health record request for patient #1
Received health record request for patient #1
Received health record request for patient #1
Received health record request for patient #1
Received health record request for patient #1
Received health record request for patient #1
Received health record request for patient #1
Received health record request for patient #1
Received health record request for patient #1
Received health record request for patient #1
Received health record request for patient #1
Received health record request for patient #1
Received health record request for patient #1
Received health record request for patient #1
Received health record request for patient #1
Received health record request for patient #1
Received health record request for patient #1
Received health record request for patient #1
Received health record request for patient #1
Received health record request for patient #1
Received health record request for patient #1
Received health record request for patient #1
Received health record request for patient #1
Received health record request for patient #1
Received health record request for patient #1
Received health record request for patient #1
Received health record request for patient #1
Received health record request for patient #1
Received health record request for patient #1
Received health record request for patient #1
Received health record request for patient #1
Received health record request for patient #1
Received health record request for patient #1
Received health record request for patient #1
Received health record request for patient #1
Received health record request for patient #1
Received health record request for patient #1
Received health record request for patient #1
Received health record request for patient #1
Received health record request for patient #1
Received health record request for patient #1
Received health record request for patient #1
Received health record request for patient #1
Received health record request for patient #1
Received health record request for patient #1
Received health record request for patient #1
Received health record request for patient #1
Received health record request for patient #1
Received health record request for patient #1
Received health record request for patient #1
Received health record request for patient #1
Received health record request for patient #1
Received health record request for patient #1
Received health record request for patient #1
Received health record request for patient #1
Received health record request for patient #1
Received health record request for patient #1
Received health record request for patient #1
Received health record request for patient #1
Received health record request for patient #1
Received health record request for patient #1
Received health record request for patient #1
Received health record request for patient #1
Received health record request for patient #1
Received health record request for patient #1
Received health record request for patient #1
Received health record request for patient #1
Received health record request for patient #1
Received health record request for patient #1
Received health record request for patient #1
Received health record request for patient #1
Received health record request for patient #1
Received health record request for patient #1
Received health record request for patient #1
Received health record request for patient #1
Received health record request for patient #1
Received health record request for patient #1
Received health record request for patient #1
Received health record request for patient #1
Received health record request for patient #1
Received health record request for patient #1
Received health record request for patient #1
Received health record request for patient #1
Received health record request for patient #1
Received health record request for patient #1
Received health record request for patient #1
Received health record request for patient #1
Received health record request for patient #1
Received health record request for patient #1
Received health record request for patient #1
Received health record request for patient #1
Received health record request for patient #1
Received health record request for patient #1
Received health record request for patient #1
Received health record request for patient #1
Received health record request for patient #1
Received health record request for patient #1
Received health record request for patient #1
Received health record request for patient #1
Received health record request for patient #1
Received health record request for patient #1
Received health record request for patient #1
Received health record request for patient #1
Received health record request for patient #1
Received health record request for patient #1
Received health record request for patient #1
Received health record request for patient #1
Received health record request for patient #1
Received health record request for patient #1
Received health record request for patient #1
Received health record request for patient #1
Received health record request for patient #1
Received health record request for patient #1
Received health record request for patient #1
Received health record request for patient #1
Received health record request for patient #1
Received health record request for patient #1
Received health record request for patient #1
Received health record request for patient #1
Received health record request for patient #1
Received health record request for patient #1
Received health record request for patient #1
Received health record request for patient #1
Received health record request for patient #1
Received health record request for patient #1
Received health record request for patient #1
Received health record request for patient #1
Received health record request for patient #1
Received health record request for patient #1
Received health record request for patient #1
Received health record request for patient #1
Received health record request for patient #1
Received health record request for patient #1
Received health record request for patient #1
Received health record request for patient #1
Received health record request for patient #1
Received health record request for patient #1
Received health record request for patient #1
Received health record request for patient #1
Received health record request for patient #1
Received health record request for patient #1
Received health record request for patient #1
Received health record request for patient #1
Received health record request for patient #1
Received health record request for patient #1
Received health record request for patient #1
Received health record request for patient #1
Received health record request for patient #1
Received health record request for patient #1
Received health record request for patient #1
Received health record request for patient #1
Received health record request for patient #1
Received health record request for patient #1
Received health record request for patient #1
Received health record request for patient #1
Received health record request for patient #1
Received health record request for patient #1
Received health record request for patient #1
Received health record request for patient #1
Received health record request for patient #1
Received health record request for patient #1
Received health record request for patient #1
Received health record request for patient #1
Received health record request for patient #1
Received health record request for patient #1
Received health record request for patient #1
Received health record request for patient #1
Received health record request for patient #1
Received health record request for patient #1
Received health record request for patient #1
Received health record request for patient #1
Received health record request for patient #1
Received health record request for patient #1
Received health record request for patient #1
Received health record request for patient #1
Received health record request for patient #1
Received health record request for patient #1
Received health record request for patient #1
Received health record request for patient #1
Received health record request for patient #1
Received health record request for patient #1
Received health record request for patient #1
Received health record request for patient #1
Received health record request for patient #1
Received health record request for patient #1
Received health record request for patient #1
Received health record request for patient #1
Received health record request for patient #1
Received health record request for patient #1
Received health record request for patient #1
Received health record request for patient #1
Received health record request for patient #1
Received health record request for patient #1
Received health record request for patient #1
Received health record request for patient #1
Received health record request for patient #1
Received health record request for patient #1
Received health record request for patient #1
Received health record request for patient #1
Received health record request for patient #1
Received health record request for patient #1
Received health record request for patient #1
Received health record request for patient #1
Received health record request for patient #1
Received health record request for patient #1
Received health record request for patient #1
Received health record request for patient #1
Received health record request for patient #1
Received health record request for patient #1
Received health record request for patient #1
Received health record request for patient #1
Received health record request for patient #1
Received health record request for patient #1
Received health record request for patient #1
Received health record request for patient #1
Received health record request for patient #1
Received health record request for patient #1
Received health record request for patient #1
Received health record request for patient #1
Received health record request for patient #1
Received health record request for patient #1
Received health record request for patient #1
Received health record request for patient #1
Received health record request for patient #1
Received health record request for patient #1
Received health record request for patient #1
Received health record request for patient #1
Received health record request for patient #1
Received health record request for patient #1
Received health record request for patient #1
Received health record request for patient #1
Received health record request for patient #1
Received health record request for patient #1
Received health record request for patient #1
Received health record request for patient #1
Received health record request for patient #1
Received health record request for patient #1
Received health record request for patient #1
Received health record request for patient #1
Received health record request for patient #1
Received health record request for patient #1
Received health record request for patient #1
Received health record request for patient #1
Received health record request for patient #1
Received health record request for patient #1
Received health record request for patient #1
Received health record request for patient #1
Received health record request for patient #1
Received health record request for patient #1
Received health record request for patient #1
Received health record request for patient #1
Received health record request for patient #1
Received health record request for patient #1
Received health record request for patient #1
Received health record request for patient #1
Received health record request for patient #1
Received health record request for patient #1
Received health record request for patient #1
Received health record request for patient #1
Received health record request for patient #1
Received health record request for patient #1
Received health record request for patient #1
Received health record request for patient #1
Received health record request for patient #1
Received health record request for patient #1
Received health record request for patient #1
Received health record request for patient #1
Received health record request for patient #1
Received health record request for patient #1
Received health record request for patient #1
Received health record request for patient #1
Received health record request for patient #1
Received health record request for patient #1
Received health record request for patient #1
Received health record request for patient #1
Received health record request for patient #1
Received health record request for patient #1
Received health record request for patient #1
Received health record request for patient #1
Received health record request for patient #1
Received health record request for patient #1
Received health record request for patient #1
Received health record request for patient #1
Received health record request for patient #1
Received health record request for patient #1
Received health record request for patient #1
Received health record request for patient #1
Received health record request for patient #1
Received health record request for patient #1
Received health record request for patient #1
Received health record request for patient #1
Received health record request for patient #1
Received health record request for patient #1
Received health record request for patient #1
Received health record request for patient #1
Received health record request for patient #1
Received health record request for patient #1
Received health record request for patient #1
Received health record request for patient #1
Received health record request for patient #1
Received health record request for patient #1
Received health record request for patient #1
Received health record request for patient #1
Received health record request for patient #1
Received health record request for patient #1
Received health record request for patient #1
Received health record request for patient #1
Received health record request for patient #1
Received health record request for patient #1
Received health record request for patient #1
Received health record request for patient #1
Received health record request for patient #1
Received health record request for patient #1
Received health record request for patient #1
Received health record request for patient #1
Received health record request for patient #1
Received health record request for patient #1
Received health record request for patient #1
Received health record request for patient #1
Received health record request for patient #1
Received health record request for patient #1
Received health record request for patient #1
Received health record request for patient #1
Received health record request for patient #1
Received health record request for patient #1
Received health record request for patient #1
Received health record request for patient #1
Received health record request for patient #1
Received health record request for patient #1
Received health record request for patient #1
Received health record request for patient #1
Received health record request for patient #1
Received health record request for patient #1
Received health record request for patient #1
Received health record request for patient #1
Received health record request for patient #1
Received health record request for patient #1
Received health record request for patient #1
Received health record request for patient #1
Received health record request for patient #1
Received health record request for patient #1
Received health record request for patient #1
Received health record request for patient #1
Received health record request for patient #1
Received health record request for patient #1
Received health record request for patient #1
Received health record request for patient #1
Received health record request for patient #1
Received health record request for patient #1
Received health record request for patient #1
Received health record request for patient #1
Received health record request for patient #1
Received health record request for patient #1
Received health record request for patient #1
Received health record request for patient #1
Received health record request for patient #1
Received health record request for patient #1
Received health record request for patient #1
Received health record request for patient #1
Received health record request for patient #1
Received health record request for patient #1
Received health record request for patient #1
Received health record request for patient #1
Received health record request for patient #1
Received health record request for patient #1
Received health record request for patient #1
Received health record request for patient #1
Received health record request for patient #1
Received health record request for patient #1
Received health record request for patient #1
Received health record request for patient #1
Received health record request for patient #1
Received health record request for patient #1
Received health record request for patient #1
Received health record request for patient #1
Received health record request for patient #1
Received health record request for patient #1
Received health record request for patient #1
Received health record request for patient #1
Received health record request for patient #1
Received health record request for patient #1
Received health record request for patient #1
Received health record request for patient #1
Received health record request for patient #1
Received health record request for patient #1
Received health record request for patient #1
Received health record request for patient #1
Received health record request for patient #1
Received health record request for patient #1
Received health record request for patient #1
Received health record request for patient #1
Received health record request for patient #1
Received health record request for patient #1
Received health record request for patient #1
Received health record request for patient #1
Received health record request for patient #1
Received health record request for patient #1
Received health record request for patient #1
Received health record request for patient #1
Received health record request for patient #1
Received health record request for patient #1
Received health record request for patient #1
Received health record request for patient #1
Received health record request for patient #1
Received health record request for patient #1
Received health record request for patient #1
Received health record request for patient #1
Received health record request for patient #1
Received health record request for patient #1
Received health record request for patient #1
Received health record request for patient #1
Received health record request for patient #1
Received health record request for patient #1
Received health record request for patient #1
Received health record request for patient #1
Received health record request for patient #1
Received health record request for patient #1
Received health record request for patient #1
Received health record request for patient #1
Received health record request for patient #1
Received health record request for patient #1
Received health record request for patient #1
Received health record request for patient #1
Received health record request for patient #1
Received health record request for patient #1
Received health record request for patient #1
Received health record request for patient #1
Received health record request for patient #1
Received health record request for patient #1
Received health record request for patient #1
Received health record request for patient #1
Received health record request for patient #1
Received health record request for patient #1
Received health record request for patient #1
Received health record request for patient #1
Received health record request for patient #1
Received health record request for patient #1
Received health record request for patient #1
Received health record request for patient #1
Received health record request for patient #1
Received health record request for patient #1
Received health record request for patient #1
Received health record request for patient #1
Received health record request for patient #1
Received health record request for patient #1
Received health record request for patient #1
Received health record request for patient #1
Received health record request for patient #1
Received health record request for patient #1
Received health record request for patient #1
Received health record request for patient #1
Received health record request for patient #1
Received health record request for patient #1
Received health record request for patient #1
Received health record request for patient #1
Received health record request for patient #1
Received health record request for patient #1
Received health record request for patient #1
Received health record request for patient #1
Received health record request for patient #1
Received health record request for patient #1
Received health record request for patient #1
Received health record request for patient #1
Received health record request for patient #1
Received health record request for patient #1
Received health record request for patient #1
Received health record request for patient #1
Received health record request for patient #1
Received health record request for patient #1
Received health record request for patient #1
Received health record request for patient #1
Received health record request for patient #1
Received health record request for patient #1
Received health record request for patient #1
Received health record request for patient #1
Received health record request for patient #1
Received health record request for patient #1
Received health record request for patient #1
Received health record request for patient #1
Received health record request for patient #1
Received health record request for patient #1
Received health record request for patient #1
Received health record request for patient #1
Received health record request for patient #1
Received health record request for patient #1
Received health record request for patient #1
Received health record request for patient #1
Received health record request for patient #1
Received health record request for patient #1
Received health record request for patient #1
Received health record request for patient #1
Received health record request for patient #1
Received health record request for patient #1
Received health record request for patient #1
Received health record request for patient #1
Received health record request for patient #1
Received health record request for patient #1
Received health record request for patient #1
Received health record request for patient #1
Received health record request for patient #1
Received health record request for patient #1
Received health record request for patient #1
Received health record request for patient #1
Received health record request for patient #1
Received health record request for patient #1
Received health record request for patient #1
Received health record request for patient #1
Received health record request for patient #1
Received health record request for patient #1
Received health record request for patient #1
Received health record request for patient #1
Received health record request for patient #1
Received health record request for patient #1
Received health record request for patient #1
Received health record request for patient #1
Received health record request for patient #1
Received health record request for patient #1
Received health record request for patient #1
Received health record request for patient #1
Received health record request for patient #1
Received health record request for patient #1
Received health record request for patient #1
Received health record request for patient #1
Received health record request for patient #1
Received health record request for patient #1
Received health record request for patient #1
Received health record request for patient #1
Received health record request for patient #1
Received health record request for patient #1
Received health record request for patient #1
Received health record request for patient #1
Received health record request for patient #1
Received health record request for patient #1
Received health record request for patient #1
Received health record request for patient #1
Received health record request for patient #1
Received health record request for patient #1
Received health record request for patient #1
Received health record request for patient #1
Received health record request for patient #1
Received health record request for patient #1
Received health record request for patient #1
Received health record request for patient #1
Received health record request for patient #1
Received health record request for patient #1
Received health record request for patient #1
Received health record request for patient #1
Received health record request for patient #1
Received health record request for patient #1
Received health record request for patient #1
Received health record request for patient #1
Received health record request for patient #1
Received health record request for patient #1
Received health record request for patient #1
Received health record request for patient #1
Received health record request for patient #1
Received health record request for patient #1
Received health record request for patient #1
Received health record request for patient #1
Received health record request for patient #1
Received health record request for patient #1
Received health record request for patient #1
Received health record request for patient #1
Received health record request for patient #1
Received health record request for patient #1
Received health record request for patient #1
Received health record request for patient #1
Received health record request for patient #1
Received health record request for patient #1
Received health record request for patient #1
Received health record request for patient #1
Received health record request for patient #1
Received health record request for patient #1
Received health record request for patient #1
Received health record request for patient #1
Received health record request for patient #1
Received health record request for patient #1
Received health record request for patient #1
Received health record request for patient #1
Received health record request for patient #1
Received health record request for patient #1
Received health record request for patient #1
Received health record request for patient #1
Received health record request for patient #1
Received health record request for patient #1
Received health record request for patient #1
Received health record request for patient #1
Received health record request for patient #1
Received health record request for patient #1
Received health record request for patient #1
Received health record request for patient #1
Received health record request for patient #1
Received health record request for patient #1
Received health record request for patient #1
Received health record request for patient #1
Received health record request for patient #1
Received health record request for patient #1
Received health record request for patient #1
Received health record request for patient #1
Received health record request for patient #1
Received health record request for patient #1
Received health record request for patient #1
Received health record request for patient #1
Received health record request for patient #1
Received health record request for patient #1
Received health record request for patient #1
Received health record request for patient #1
Received health record request for patient #1
Received health record request for patient #1
Received health record request for patient #1
Received health record request for patient #1
Received health record request for patient #1
Received health record request for patient #1
Received health record request for patient #1
Received health record request for patient #1
Received health record request for patient #1
Received health record request for patient #1
Received health record request for patient #1
Received health record request for patient #1
Received health record request for patient #1
Received health record request for patient #1
Received health record request for patient #1
Received health record request for patient #1
Received health record request for patient #1
Received health record request for patient #1
Received health record request for patient #1
Received health record request for patient #1
Received health record request for patient #1
Received health record request for patient #1
Received health record request for patient #1
Received health record request for patient #1
Received health record request for patient #1
Received health record request for patient #1
Received health record request for patient #1
Received health record request for patient #1
Received health record request for patient #1
Received health record request for patient #1
Received health record request for patient #1
Received health record request for patient #1
Received health record request for patient #1
Received health record request for patient #1
Received health record request for patient #1
Received health record request for patient #1
Received health record request for patient #1
Received health record request for patient #1
Received health record request for patient #1
Received health record request for patient #1
Received health record request for patient #1
Received health record request for patient #1
Received health record request for patient #1
Received health record request for patient #1
Received health record request for patient #1
Received health record request for patient #1
Received health record request for patient #1
Received health record request for patient #1
Received health record request for patient #1
Received health record request for patient #1
Received health record request for patient #1
Received health record request for patient #1
Received health record request for patient #1
Received health record request for patient #1
Received health record request for patient #1
Received health record request for patient #1
Received health record request for patient #1
Received health record request for patient #1
Received health record request for patient #1
Received health record request for patient #1
Received health record request for patient #1
Received health record request for patient #1
Received health record request for patient #1
Received health record request for patient #1
Received health record request for patient #1
Received health record request for patient #1
Received health record request for patient #1
Received health record request for patient #1
Received health record request for patient #1
Received health record request for patient #1
Received health record request for patient #1
Received health record request for patient #1
Received health record request for patient #1
Received health record request for patient #1
Received health record request for patient #1
Received health record request for patient #1
Received health record request for patient #1
Received health record request for patient #1
Received health record request for patient #1
Received health record request for patient #1
Received health record request for patient #1
Received health record request for patient #1
Received health record request for patient #1
Received health record request for patient #1
Received health record request for patient #1
Received health record request for patient #1
Received health record request for patient #1
Received health record request for patient #1
Received health record request for patient #1
Received health record request for patient #1
Received health record request for patient #1
Received health record request for patient #1
Received health record request for patient #1
Received health record request for patient #1
Received health record request for patient #1
Received health record request for patient #1
Received health record request for patient #1
Received health record request for patient #1
Received health record request for patient #1
Received health record request for patient #1
Received health record request for patient #1
Received health record request for patient #1
Received health record request for patient #1
Received health record request for patient #1
Received health record request for patient #1
Received health record request for patient #1
Received health record request for patient #1
Received health record request for patient #1
Received health record request for patient #1
Received health record request for patient #1
Received health record request for patient #1
Received health record request for patient #1
Received health record request for patient #1
Received health record request for patient #1
Received health record request for patient #1
Received health record request for patient #1
Received health record request for patient #1
Received health record request for patient #1
Received health record request for patient #1
Received health record request for patient #1
Received health record request for patient #1
Received health record request for patient #1
Received health record request for patient #1
Received health record request for patient #1
Received health record request for patient #1
Received health record request for patient #1
Received health record request for patient #1
Received health record request for patient #1
Received health record request for patient #1
Received health record request for patient #1
Received health record request for patient #1
Received health record request for patient #1
Received health record request for patient #1
Received health record request for patient #1
Received health record request for patient #1
Received health record request for patient #1
Received health record request for patient #1
Received health record request for patient #1
Received health record request for patient #1
Received health record request for patient #1
Received health record request for patient #1
Received health record request for patient #1
Received health record request for patient #1
Received health record request for patient #1
Received health record request for patient #1
Received health record request for patient #1
Received health record request for patient #1
Received health record request for patient #1
Received health record request for patient #1
Received health record request for patient #1
Received health record request for patient #1
Received health record request for patient #1
Received health record request for patient #1
Received health record request for patient #1
Received health record request for patient #1
Received health record request for patient #1
Received health record request for patient #1
Received health record request for patient #1
Received health record request for patient #1
Received health record request for patient #1
Received health record request for patient #1
Received health record request for patient #1
Received health record request for patient #1
Received health record request for patient #1
Received health record request for patient #1
Received health record request for patient #1
Received health record request for patient #1
Received health record request for patient #1
Received health record request for patient #1
Received health record request for patient #1
Received health record request for patient #1
Received health record request for patient #1
Received health record request for patient #1
Received health record request for patient #1
Received health record request for patient #1
Received health record request for patient #1
Received health record request for patient #1
Received health record request for patient #1
Received health record request for patient #1
Received health record request for patient #1
Received health record request for patient #1
Received health record request for patient #1
Received health record request for patient #1
Received health record request for patient #1
Received health record request for patient #1
Received health record request for patient #1
Received health record request for patient #1
Received health record request for patient #1
Received health record request for patient #1
Received health record request for patient #1
Received health record request for patient #1
Received health record request for patient #1
Received health record request for patient #1
Received health record request for patient #1
Received health record request for patient #1
Received health record request for patient #1
Received health record request for patient #1
Received health record request for patient #1
Received health record request for patient #1
Received health record request for patient #1
Received health record request for patient #1
Received health record request for patient #1
Received health record request for patient #1
Received health record request for patient #1
Received health record request for patient #1
Received health record request for patient #1
Received health record request for patient #1
Received health record request for patient #1
Received health record request for patient #1
Received health record request for patient #1
Received health record request for patient #1
Received health record request for patient #1
Received health record request for patient #1
Received health record request for patient #1
Received health record request for patient #1
Received health record request for patient #1
Received health record request for patient #1
Received health record request for patient #1
Received health record request for patient #1
Received health record request for patient #1
Received health record request for patient #1
Received health record request for patient #1
Received health record request for patient #1
Received health record request for patient #1
Received health record request for patient #1
Received health record request for patient #1
Received health record request for patient #1
Received health record request for patient #1
Received health record request for patient #1
Received health record request for patient #1
Received health record request for patient #1
Received health record request for patient #1
Received health record request for patient #1
Received health record request for patient #1
Received health record request for patient #1
Received health record request for patient #1
Received health record request for patient #1
Received health record request for patient #1
Received health record request for patient #1
Received health record request for patient #1
Received health record request for patient #1
Received health record request for patient #1
Received health record request for patient #1
Received health record request for patient #1
Received health record request for patient #1
Received health record request for patient #1
Received health record request for patient #1
Received health record request for patient #1
Received health record request for patient #1
Received health record request for patient #1
Received health record request for patient #1
Received health record request for patient #1
Received health record request for patient #1
Received health record request for patient #1
Received health record request for patient #1
Received health record request for patient #1
Received health record request for patient #1
Received health record request for patient #1
Received health record request for patient #1
Received health record request for patient #1
Received health record request for patient #1
Received health record request for patient #1
Received health record request for patient #1
Received health record request for patient #1
Received health record request for patient #1
Received health record request for patient #1
Received health record request for patient #1
Received health record request for patient #1
Received health record request for patient #1
Received health record request for patient #1
Received health record request for patient #1
Received health record request for patient #1
Received health record request for patient #1
Received health record request for patient #1
Received health record request for patient #1
Received health record request for patient #1
Received health record request for patient #1
Received health record request for patient #1
Received health record request for patient #1
Received health record request for patient #1
Received health record request for patient #1
Received health record request for patient #1
Received health record request for patient #1
Received health record request for patient #1
Received health record request for patient #1
Received health record request for patient #1
Received health record request for patient #1
Received health record request for patient #1
Received health record request for patient #1
Received health record request for patient #1
Received health record request for patient #1
Received health record request for patient #1
Received health record request for patient #1
Received health record request for patient #1
Received health record request for patient #1
Received health record request for patient #1
Received health record request for patient #1
Received health record request for patient #1
Received health record request for patient #1
Received health record request for patient #1
Received health record request for patient #1
Received health record request for patient #1
Received health record request for patient #1
Received health record request for patient #1
Received health record request for patient #1
Received health record request for patient #1
Received health record request for patient #1
Received health record request for patient #1
Received health record request for patient #1
Received health record request for patient #1
Received health record request for patient #1
Received health record request for patient #1
Received health record request for patient #1
Received health record request for patient #1
Received health record request for patient #1
Received health record request for patient #1
Received health record request for patient #1
Received health record request for patient #1
Received health record request for patient #1
Received health record request for patient #1
Received health record request for patient #1
Received health record request for patient #1
Received health record request for patient #1
Received health record request for patient #1
Received health record request for patient #1
Received health record request for patient #1
Received health record request for patient #1
Received health record request for patient #1
Received health record request for patient #1
Received health record request for patient #1
Received health record request for patient #1
Received health record request for patient #1
Received health record request for patient #1
Received health record request for patient #1
Received health record request for patient #1
Received health record request for patient #1
Received health record request for patient #1
Received health record request for patient #1
Received health record request for patient #1
Received health record request for patient #1
Received health record request for patient #1
Received health record request for patient #1
Received health record request for patient #1
Received health record request for patient #1
Received health record request for patient #1
Received health record request for patient #1
Received health record request for patient #1
Received health record request for patient #1
Received health record request for patient #1
Received health record request for patient #1
Received health record request for patient #1
Received health record request for patient #1
Received health record request for patient #1
Received health record request for patient #1
Received health record request for patient #1
Received health record request for patient #1
Received health record request for patient #1
Received health record request for patient #1
Received health record request for patient #1
Received health record request for patient #1
Received health record request for patient #1
Received health record request for patient #1
Received health record request for patient #1
Received health record request for patient #1
Received health record request for patient #1
Received health record request for patient #1
Received health record request for patient #1
Received health record request for patient #1
Received health record request for patient #1
Received health record request for patient #1
Received health record request for patient #1
Received health record request for patient #1
Received health record request for patient #1
Received health record request for patient #1
Received health record request for patient #1
Received health record request for patient #1
Received health record request for patient #1
Received health record request for patient #1
Received health record request for patient #1
Received health record request for patient #1
Received health record request for patient #1
Received health record request for patient #1
Received health record request for patient #1
Received health record request for patient #1
Received health record request for patient #1
Received health record request for patient #1
Received health record request for patient #1
Received health record request for patient #1
Received health record request for patient #1
Received health record request for patient #1
Received health record request for patient #1
Received health record request for patient #1
Received health record request for patient #1
Received health record request for patient #1
Received health record request for patient #1
Received health record request for patient #1
Received health record request for patient #1
Received health record request for patient #1
Received health record request for patient #1
Received health record request for patient #1
Received health record request for patient #1
Received health record request for patient #1
Received health record request for patient #1
Received health record request for patient #1
Received health record request for patient #1
Received health record request for patient #1
Received health record request for patient #1
Received health record request for patient #1
Received health record request for patient #1
Received health record request for patient #1
Received health record request for patient #1
Received health record request for patient #1
Received health record request for patient #1
Received health record request for patient #1
Received health record request for patient #1
Received health record request for patient #1
Received health record request for patient #1
Received health record request for patient #1
Received health record request for patient #1
Received health record request for patient #1
Received health record request for patient #1
Received health record request for patient #1
Received health record request for patient #1
Received health record request for patient #1
Received health record request for patient #1
Received health record request for patient #1
Received health record request for patient #1
Received health record request for patient #1
Received health record request for patient #1
Received health record request for patient #1
Received health record request for patient #1
Received health record request for patient #1
Received health record request for patient #1
Received health record request for patient #1
Received health record request for patient #1
Received health record request for patient #1
Received health record request for patient #1
Received health record request for patient #1
Received health record request for patient #1
Received health record request for patient #1
Received health record request for patient #1
Received health record request for patient #1
Received health record request for patient #1
Received health record request for patient #1
Received health record request for patient #1
Received health record request for patient #1
Received health record request for patient #1
Received health record request for patient #1
Received health record request for patient #1
Received health record request for patient #1
Received health record request for patient #1
Received health record request for patient #1
Received health record request for patient #1
Received health record request for patient #1
Received health record request for patient #1
Received health record request for patient #1
Received health record request for patient #1
Received health record request for patient #1
Received health record request for patient #1
Received health record request for patient #1
Received health record request for patient #1
Received health record request for patient #1
Received health record request for patient #1
Received health record request for patient #1
Received health record request for patient #1
Received health record request for patient #1
Received health record request for patient #1
Received health record request for patient #1
Received health record request for patient #1
Received health record request for patient #1
Received health record request for patient #1
Received health record request for patient #1
Received health record request for patient #1
Received health record request for patient #1
Received health record request for patient #1
Received health record request for patient #1
Received health record request for patient #1
Received health record request for patient #1
Received health record request for patient #1
Received health record request for patient #1
Received health record request for patient #1
Received health record request for patient #1
Received health record request for patient #1
Received health record request for patient #1
Received health record request for patient #1
Received health record request for patient #1
Received health record request for patient #1
Received health record request for patient #1
Received health record request for patient #1
Received health record request for patient #1
Received health record request for patient #1
Received health record request for patient #1
Received health record request for patient #1
Received health record request for patient #1
Received health record request for patient #1
Received health record request for patient #1
Received health record request for patient #1
Received health record request for patient #1
Received health record request for patient #1
Received health record request for patient #1
Received health record request for patient #1
Received health record request for patient #1
Received health record request for patient #1
Received health record request for patient #1
Received health record request for patient #1
Received health record request for patient #1
Received health record request for patient #1
Received health record request for patient #1
Received health record request for patient #1
Received health record request for patient #1
Received health record request for patient #1
Received health record request for patient #1
Received health record request for patient #1
Received health record request for patient #1
Received health record request for patient #1
Received health record request for patient #1
Received health record request for patient #1
Received health record request for patient #1
Received health record request for patient #1
Received health record request for patient #1
Received health record request for patient #1
Received health record request for patient #1
Received health record request for patient #1
Received health record request for patient #1
Received health record request for patient #1
Received health record request for patient #1
Received health record request for patient #1
Received health record request for patient #1
Received health record request for patient #1
Received health record request for patient #1
Received health record request for patient #1
Received health record request for patient #1
Received health record request for patient #1
Received health record request for patient #1
Received health record request for patient #1
Received health record request for patient #1
Received health record request for patient #1
Received health record request for patient #1
Received health record request for patient #1
Received health record request for patient #1
Received health record request for patient #1
Received health record request for patient #1
Received health record request for patient #1
Received health record request for patient #1
Received health record request for patient #1
Received health record request for patient #1
Received health record request for patient #1
Received health record request for patient #1
Received health record request for patient #1
Received health record request for patient #1
Received health record request for patient #1
Received health record request for patient #1
Received health record request for patient #1
Received health record request for patient #1
Received health record request for patient #1
Received health record request for patient #1
Received health record request for patient #1
Received health record request for patient #1
Received health record request for patient #1
Received health record request for patient #1
Received health record request for patient #1
Received health record request for patient #1
Received health record request for patient #1
Received health record request for patient #1
Received health record request for patient #1
Received health record request for patient #1
Received health record request for patient #1
Received health record request for patient #1
Received health record request for patient #1
Received health record request for patient #1
Received health record request for patient #1
Received health record request for patient #1
Received health record request for patient #1
Received health record request for patient #1
Received health record request for patient #1
Received health record request for patient #1
Received health record request for patient #1
Received health record request for patient #1
Received health record request for patient #1
Received health record request for patient #1
Received health record request for patient #1
Received health record request for patient #1
Received health record request for patient #1
Received health record request for patient #1
Received health record request for patient #1
Received health record request for patient #1
Received health record request for patient #1
Received health record request for patient #1
Received health record request for patient #1
Received health record request for patient #1
Received health record request for patient #1
Received health record request for patient #1
Received health record request for patient #1
Received health record request for patient #1
Received health record request for patient #1
Received health record request for patient #1
Received health record request for patient #1
Received health record request for patient #1
Received health record request for patient #1
Received health record request for patient #1
Received health record request for patient #1
Received health record request for patient #1
Received health record request for patient #1
Received health record request for patient #1
Received health record request for patient #1
Received health record request for patient #1
Received health record request for patient #1
Received health record request for patient #1
Received health record request for patient #1
Received health record request for patient #1
Received health record request for patient #1
Received health record request for patient #1
Received health record request for patient #1
Received health record request for patient #1
Received health record request for patient #1
Received health record request for patient #1
Received health record request for patient #1
Received health record request for patient #1
Received health record request for patient #1
Received health record request for patient #1
Received health record request for patient #1
Received health record request for patient #1
Received health record request for patient #1
Received health record request for patient #1
Received health record request for patient #1
Received health record request for patient #1
Received health record request for patient #1
Received health record request for patient #1
Received health record request for patient #1
Received health record request for patient #1
Received health record request for patient #1
Received health record request for patient #1
Received health record request for patient #1
Received health record request for patient #1
Received health record request for patient #1
Received health record request for patient #1
Received health record request for patient #1
Received health record request for patient #1
Received health record request for patient #1
Received health record request for patient #1
Received health record request for patient #1
Received health record request for patient #1
Received health record request for patient #1
Received health record request for patient #1
Received health record request for patient #1
Received health record request for patient #1
Received health record request for patient #1
Received health record request for patient #1
Received health record request for patient #1
Received health record request for patient #1
Received health record request for patient #1
Received health record request for patient #1
Received health record request for patient #1
Received health record request for patient #1
Received health record request for patient #1
Received health record request for patient #1
Received health record request for patient #1
Received health record request for patient #1
Received health record request for patient #1
Received health record request for patient #1
Received health record request for patient #1
Received health record request for patient #1
Received health record request for patient #1
Received health record request for patient #1
Received health record request for patient #1
Received health record request for patient #1
Received health record request for patient #1
Received health record request for patient #1
Received health record request for patient #1
Received health record request for patient #1
Received health record request for patient #1
Received health record request for patient #1
Received health record request for patient #1
Received health record request for patient #1
Received health record request for patient #1
Received health record request for patient #1
Received health record request for patient #1
Received health record request for patient #1
Received health record request for patient #1
Received health record request for patient #1
Received health record request for patient #1
Received health record request for patient #1
Received health record request for patient #1
Received health record request for patient #1
Received health record request for patient #1
Received health record request for patient #1
Received health record request for patient #1
Received health record request for patient #1
Received health record request for patient #1
Received health record request for patient #1
Received health record request for patient #1
Received health record request for patient #1
Received health record request for patient #1
Received health record request for patient #1
Received health record request for patient #1
Received health record request for patient #1
Received health record request for patient #1
Received health record request for patient #1
Received health record request for patient #1
Received health record request for patient #1
Received health record request for patient #1
Received health record request for patient #1
Received health record request for patient #1
Received health record request for patient #1
Received health record request for patient #1
Received health record request for patient #1
Received health record request for patient #1
Received health record request for patient #1
Received health record request for patient #1
Received health record request for patient #1
Received health record request for patient #1
Received health record request for patient #1
Received health record request for patient #1
Received health record request for patient #1
Received health record request for patient #1
Received health record request for patient #1
Received health record request for patient #1
Received health record request for patient #1
Received health record request for patient #1
Received health record request for patient #1
Received health record request for patient #1
Received health record request for patient #1
Received health record request for patient #1
Received health record request for patient #1
Received health record request for patient #1
Received health record request for patient #1
Received health record request for patient #1
Received health record request for patient #1
Received health record request for patient #1
Received health record request for patient #1
Received health record request for patient #1
Received health record request for patient #1
Received health record request for patient #1
Received health record request for patient #1
Received health record request for patient #1
Received health record request for patient #1
Received health record request for patient #1
Received health record request for patient #1
Received health record request for patient #1
Received health record request for patient #1
Received health record request for patient #1
Received health record request for patient #1
Received health record request for patient #1
Received health record request for patient #1
Received health record request for patient #1
Received health record request for patient #1
Received health record request for patient #1
Received health record request for patient #1
Received health record request for patient #1
Received health record request for patient #1
Received health record request for patient #1
Received health record request for patient #1
Received health record request for patient #1
Received health record request for patient #1
Received health record request for patient #1
Received health record request for patient #1
Received health record request for patient #1
Received health record request for patient #1
Received health record request for patient #1
Received health record request for patient #1
Received health record request for patient #1
Received health record request for patient #1
Received health record request for patient #1
Received health record request for patient #1
Received health record request for patient #1
Received health record request for patient #1
Received health record request for patient #1
Received health record request for patient #1
Received health record request for patient #1
Received health record request for patient #1
Received health record request for patient #1
Received health record request for patient #1
Received health record request for patient #1
Received health record request for patient #1
Received health record request for patient #1
Received health record request for patient #1
Received health record request for patient #1
Received health record request for patient #1
Received health record request for patient #1
Received health record request for patient #1
Received health record request for patient #1
Received health record request for patient #1
Received health record request for patient #1
Received health record request for patient #1
Received health record request for patient #1
Received health record request for patient #1
Received health record request for patient #1
Received health record request for patient #1
Received health record request for patient #1
Received health record request for patient #1
Received health record request for patient #1
Received health record request for patient #1
Received health record request for patient #1
Received health record request for patient #1
Received health record request for patient #1
Received health record request for patient #1
Received health record request for patient #1
Received health record request for patient #1
Received health record request for patient #1
Received health record request for patient #1
Received health record request for patient #1
Received health record request for patient #1
Received health record request for patient #1
Received health record request for patient #1
Received health record request for patient #1
Received health record request for patient #1
Received health record request for patient #1
Received health record request for patient #1
Received health record request for patient #1
Received health record request for patient #1
Received health record request for patient #1
Received health record request for patient #1
Received health record request for patient #1
Received health record request for patient #1
Received health record request for patient #1
Received health record request for patient #1
Received health record request for patient #1
Received health record request for patient #1
Received health record request for patient #1
Received health record request for patient #1
Received health record request for patient #1
Received health record request for patient #1
Received health record request for patient #1
Received health record request for patient #1
Received health record request for patient #1
Received health record request for patient #1
Received health record request for patient #1
Received health record request for patient #1
Received health record request for patient #1
Received health record request for patient #1
Received health record request for patient #1
Received health record request for patient #1
Received health record request for patient #1
Received health record request for patient #1
Received health record request for patient #1
Received health record request for patient #1
Received health record request for patient #1
Received health record request for patient #1
Received health record request for patient #1
Received health record request for patient #1
Received health record request for patient #1
Received health record request for patient #1
Received health record request for patient #1
Received health record request for patient #1
Received health record request for patient #1
Received health record request for patient #1
Received health record request for patient #1
Received health record request for patient #1
Received health record request for patient #1
Received health record request for patient #1
Received health record request for patient #1
Received health record request for patient #1
Received health record request for patient #1
Received health record request for patient #1
Received health record request for patient #1
Received health record request for patient #1
Received health record request for patient #1
Received health record request for patient #1
Received health record request for patient #1
Received health record request for patient #1
Received health record request for patient #1
Received health record request for patient #1
Received health record request for patient #1
Received health record request for patient #1
Received health record request for patient #1
Received health record request for patient #1
Received health record request for patient #1
Received health record request for patient #1
Received health record request for patient #1
Received health record request for patient #1
Received health record request for patient #1
Received health record request for patient #1
Received health record request for patient #1
Received health record request for patient #1
Received health record request for patient #1
Received health record request for patient #1
Received health record request for patient #1
Received health record request for patient #1
Received health record request for patient #1
Received health record request for patient #1
Received health record request for patient #1
Received health record request for patient #1
Received health record request for patient #1
Received health record request for patient #1
Received health record request for patient #1
Received health record request for patient #1
Received health record request for patient #1
Received health record request for patient #1
Received health record request for patient #1
Received health record request for patient #1
Received health record request for patient #1
Received health record request for patient #1
Received health record request for patient #1
Received health record request for patient #1
Received health record request for patient #1
Received health record request for patient #1
Received health record request for patient #1
Received health record request for patient #1
Received health record request for patient #1
Received health record request for patient #1
Received health record request for patient #1
Received health record request for patient #1
Received health record request for patient #1
Received health record request for patient #1
Received health record request for patient #1
Received health record request for patient #1
Received health record request for patient #1
Received health record request for patient #1
Received health record request for patient #1
Received health record request for patient #1
Received health record request for patient #1
Received health record request for patient #1
Received health record request for patient #1
Received health record request for patient #1
Received health record request for patient #1
Received health record request for patient #1
Received health record request for patient #1
Received health record request for patient #1
Received health record request for patient #1
Received health record request for patient #1
Received health record request for patient #1
Received health record request for patient #1
Received health record request for patient #1
Received health record request for patient #1
Received health record request for patient #1
Received health record request for patient #1
Received health record request for patient #1
Received health record request for patient #1
Received health record request for patient #1
Received health record request for patient #1
Received health record request for patient #1
Received health record request for patient #1
Received health record request for patient #1
Received health record request for patient #1
Received health record request for patient #1
Received health record request for patient #1
Received health record request for patient #1
Received health record request for patient #1
Received health record request for patient #1
Received health record request for patient #1
Received health record request for patient #1
Received health record request for patient #1
Received health record request for patient #1
Received health record request for patient #1
Received health record request for patient #1
Received health record request for patient #1
Received health record request for patient #1
Received health record request for patient #1
Received health record request for patient #1
Received health record request for patient #1
Received health record request for patient #1
Received health record request for patient #1
Received health record request for patient #1
Received health record request for patient #1
Received health record request for patient #1
Received health record request for patient #1
Received health record request for patient #1
Received health record request for patient #1
Received health record request for patient #1
Received health record request for patient #1
Received health record request for patient #1
Received health record request for patient #1
Received health record request for patient #1
Received health record request for patient #1
Received health record request for patient #1
Received health record request for patient #1
Received health record request for patient #1
Received health record request for patient #1
Received health record request for patient #1
Received health record request for patient #1
Received health record request for patient #1
Received health record request for patient #1
Received health record request for patient #1
Received health record request for patient #1
Received health record request for patient #1
Received health record request for patient #1
Received health record request for patient #1
Received health record request for patient #1
Received health record request for patient #1
Received health record request for patient #1
Received health record request for patient #1
Received health record request for patient #1
Received health record request for patient #1
Received health record request for patient #1
Received health record request for patient #1
Received health record request for patient #1
Received health record request for patient #1
Received health record request for patient #1
Received health record request for patient #1
Received health record request for patient #1
Received health record request for patient #1
Received health record request for patient #1
Received health record request for patient #1
Received health record request for patient #1
Received health record request for patient #1
Received health record request for patient #1
Received health record request for patient #1
Received health record request for patient #1
Received health record request for patient #1
Received health record request for patient #1
Received health record request for patient #1
Received health record request for patient #1
Received health record request for patient #1
Received health record request for patient #1
Received health record request for patient #1
Received health record request for patient #1
Received health record request for patient #1
Received health record request for patient #1
Received health record request for patient #1
Received health record request for patient #1
Received health record request for patient #1
Received health record request for patient #1
Received health record request for patient #1
Received health record request for patient #1
Received health record request for patient #1
Received health record request for patient #1
Received health record request for patient #1
Received health record request for patient #1
Received health record request for patient #1
Received health record request for patient #1
Received health record request for patient #1
Received health record request for patient #1
Received health record request for patient #1
Received health record request for patient #1
Received health record request for patient #1
Received health record request for patient #1
Received health record request for patient #1
Received health record request for patient #1
Received health record request for patient #1
Received health record request for patient #1
Received health record request for patient #1
Received health record request for patient #1
Received health record request for patient #1
Received health record request for patient #1
Received health record request for patient #1
Received health record request for patient #1
Received health record request for patient #1
Received health record request for patient #1
Received health record request for patient #1
Received health record request for patient #1
Received health record request for patient #1
Received health record request for patient #1
Received health record request for patient #1
Received health record request for patient #1
Received health record request for patient #1
Received health record request for patient #1
Received health record request for patient #1
Received health record request for patient #1
Received health record request for patient #1
Received health record request for patient #1
Received health record request for patient #1
Received health record request for patient #1
Received health record request for patient #1
Received health record request for patient #1
Received health record request for patient #1
Received health record request for patient #1
Received health record request for patient #1
Received health record request for patient #1
Received health record request for patient #1
Received health record request for patient #1
Received health record request for patient #1
Received health record request for patient #1
Received health record request for patient #1
Received health record request for patient #1
Received health record request for patient #1
Received health record request for patient #1
Received health record request for patient #1
Received health record request for patient #1
Received health record request for patient #1
Received health record request for patient #1
Received health record request for patient #1
Received health record request for patient #1
Received health record request for patient #1
Received health record request for patient #1
Received health record request for patient #1
Received health record request for patient #1
Received health record request for patient #1
Received health record request for patient #1
Received health record request for patient #1
Received health record request for patient #1
Received health record request for patient #1
Received health record request for patient #1
Received health record request for patient #1
Received health record request for patient #1
Received health record request for patient #1
Received health record request for patient #1
Received health record request for patient #1
Received health record request for patient #1
Received health record request for patient #1
Received health record request for patient #1
Received health record request for patient #1
Received health record request for patient #1
Received health record request for patient #1
Received health record request for patient #1
Received health record request for patient #1
Received health record request for patient #1
Received health record request for patient #1
Received health record request for patient #1
Received health record request for patient #1
Received health record request for patient #1
Received health record request for patient #1
Received health record request for patient #1
Received health record request for patient #1
Received health record request for patient #1
Received health record request for patient #1
Received health record request for patient #1
Received health record request for patient #1
Received health record request for patient #1
Received health record request for patient #1
Received health record request for patient #1
Received health record request for patient #1
Received health record request for patient #1
Received health record request for patient #1
Received health record request for patient #1
Received health record request for patient #1
Received health record request for patient #1
Received health record request for patient #1
Received health record request for patient #1
Received health record request for patient #1
Received health record request for patient #1
Received health record request for patient #1
Received health record request for patient #1
Received health record request for patient #1
Received health record request for patient #1
Received health record request for patient #1
Received health record request for patient #1
Received health record request for patient #1
Received health record request for patient #1
Received health record request for patient #1
Received health record request for patient #1
Received health record request for patient #1
Received health record request for patient #1
Received health record request for patient #1
Received health record request for patient #1
Received health record request for patient #1
Received health record request for patient #1
Received health record request for patient #1
Received health record request for patient #1
Received health record request for patient #1
Received health record request for patient #1
Received health record request for patient #1
Received health record request for patient #1
Received health record request for patient #1
Received health record request for patient #1
Received health record request for patient #1
Received health record request for patient #1
Received health record request for patient #1
Received health record request for patient #1
Received health record request for patient #1
Received health record request for patient #1
Received health record request for patient #1
Received health record request for patient #1
Received health record request for patient #1
Received health record request for patient #1
Received health record request for patient #1
Received health record request for patient #1
Received health record request for patient #1
Received health record request for patient #1
Received health record request for patient #1
Received health record request for patient #1
Received health record request for patient #1
Received health record request for patient #1
Received health record request for patient #1
Received health record request for patient #1
Received health record request for patient #1
Received health record request for patient #1
Received health record request for patient #1
Received health record request for patient #1
Received health record request for patient #1
Received health record request for patient #1
Received health record request for patient #1
Received health record request for patient #1
Received health record request for patient #1
Received health record request for patient #1
Received health record request for patient #1
Received health record request for patient #1
Received health record request for patient #1
Received health record request for patient #1
Received health record request for patient #1
Received health record request for patient #1
Received health record request for patient #1
Received health record request for patient #1
Received health record request for patient #1
Received health record request for patient #1
Received health record request for patient #1
Received health record request for patient #1
Received health record request for patient #1
Received health record request for patient #1
Received health record request for patient #1
Received health record request for patient #1
Received health record request for patient #1
Received health record request for patient #1
Received health record request for patient #1
Received health record request for patient #1
Received health record request for patient #1
Received health record request for patient #1
Received health record request for patient #1
Received health record request for patient #1
Received health record request for patient #1
Received health record request for patient #1
Received health record request for patient #1
Received health record request for patient #1
Received health record request for patient #1
Received health record request for patient #1
Received health record request for patient #1
Received health record request for patient #1
Received health record request for patient #1
Received health record request for patient #1
Received health record request for patient #1
Received health record request for patient #1
Received health record request for patient #1
Received health record request for patient #1
Received health record request for patient #1
Received health record request for patient #1
Received health record request for patient #1
Received health record request for patient #1
Received health record request for patient #1
Received health record request for patient #1
Received health record request for patient #1
Received health record request for patient #1
Received health record request for patient #1
Received health record request for patient #1
Received health record request for patient #1
Received health record request for patient #1
Received health record request for patient #1
Received health record request for patient #1
Received health record request for patient #1
Received health record request for patient #1
Received health record request for patient #1
Received health record request for patient #1
Received health record request for patient #1
Received health record request for patient #1
Received health record request for patient #1
Received health record request for patient #1
Received health record request for patient #1
Received health record request for patient #1
Received health record request for patient #1
Received health record request for patient #1
Received health record request for patient #1
Received health record request for patient #1
Received health record request for patient #1
Received health record request for patient #1
Received health record request for patient #1
Received health record request for patient #1
Received health record request for patient #1
Received health record request for patient #1
Received health record request for patient #1
Received health record request for patient #1
Received health record request for patient #1
Received health record request for patient #1
Received health record request for patient #1
Received health record request for patient #1
Received health record request for patient #1
Received health record request for patient #1
Received health record request for patient #1
Received health record request for patient #1
Received health record request for patient #1
Received health record request for patient #1
Received health record request for patient #1
Received health record request for patient #1
Received health record request for patient #1
Received health record request for patient #1
Received health record request for patient #1
Received health record request for patient #1
Received health record request for patient #1
Received health record request for patient #1
Received health record request for patient #1
Received health record request for patient #1
Received health record request for patient #1
Received health record request for patient #1
Received health record request for patient #1
Received health record request for patient #1
Received health record request for patient #1
Received health record request for patient #1
Received health record request for patient #1
Received health record request for patient #1
Received health record request for patient #1
Received health record request for patient #1
Received health record request for patient #1
Received health record request for patient #1
Received health record request for patient #1
Received health record request for patient #1
Received health record request for patient #1
Received health record request for patient #1
Received health record request for patient #1
Received health record request for patient #1
Received health record request for patient #1
Received health record request for patient #1
Received health record request for patient #1
Received health record request for patient #1
Received health record request for patient #1
Received health record request for patient #1
Received health record request for patient #1
Received health record request for patient #1
Received health record request for patient #1
Received health record request for patient #1
Received health record request for patient #1
Received health record request for patient #1
Received health record request for patient #1
Received health record request for patient #1
Received health record request for patient #1
Received health record request for patient #1
Received health record request for patient #1
Received health record request for patient #1
Received health record request for patient #1
Received health record request for patient #1
Received health record request for patient #1
Received health record request for patient #1
Received health record request for patient #1
Received health record request for patient #1
Received health record request for patient #1
Received health record request for patient #1
Received health record request for patient #1
Received health record request for patient #1
Received health record request for patient #1
Received health record request for patient #1
Received health record request for patient #1
Received health record request for patient #1
Received health record request for patient #1
Received health record request for patient #1
Received health record request for patient #1
Received health record request for patient #1
Received health record request for patient #1
Received health record request for patient #1
Received health record request for patient #1
Received health record request for patient #1
Received health record request for patient #1
Received health record request for patient #1
Received health record request for patient #1
Received health record request for patient #1
Received health record request for patient #1
Received health record request for patient #1
Received health record request for patient #1
Received health record request for patient #1
Received health record request for patient #1
Received health record request for patient #1
Received health record request for patient #1
Received health record request for patient #1
Received health record request for patient #1
Received health record request for patient #1
Received health record request for patient #1
Received health record request for patient #1
Received health record request for patient #1
Received health record request for patient #1
Received health record request for patient #1
Received health record request for patient #1
Received health record request for patient #1
Received health record request for patient #1
Received health record request for patient #1
Received health record request for patient #1
Received health record request for patient #1
Received health record request for patient #1
Received health record request for patient #1
Received health record request for patient #1
Received health record request for patient #1
Received health record request for patient #1
Received health record request for patient #1
Received health record request for patient #1
Received health record request for patient #1
Received health record request for patient #1
Received health record request for patient #1
Received health record request for patient #1
Received health record request for patient #1
Received health record request for patient #1
Received health record request for patient #1
Received health record request for patient #1
Received health record request for patient #1
Received health record request for patient #1
Received health record request for patient #1
Received health record request for patient #1
Received health record request for patient #1
Received health record request for patient #1
Received health record request for patient #1
Received health record request for patient #1
Received health record request for patient #1
Received health record request for patient #1
Received health record request for patient #1
Received health record request for patient #1
Received health record request for patient #1
Received health record request for patient #1
Received health record request for patient #1
Received health record request for patient #1
Received health record request for patient #1
Received health record request for patient #1
Received health record request for patient #1
Received health record request for patient #1
Received health record request for patient #1
Received health record request for patient #1
Received health record request for patient #1
Received health record request for patient #1
Received health record request for patient #1
Received health record request for patient #1
Received health record request for patient #1
Received health record request for patient #1
Received health record request for patient #1
Received health record request for patient #1
Received health record request for patient #1
Received health record request for patient #1
Received health record request for patient #1
Received health record request for patient #1
Received health record request for patient #1
Received health record request for patient #1
Received health record request for patient #1
Received health record request for patient #1
Received health record request for patient #1
Received health record request for patient #1
Received health record request for patient #1
Received health record request for patient #1
Received health record request for patient #1
Received health record request for patient #1
Received health record request for patient #1
Received health record request for patient #1
Received health record request for patient #1
Received health record request for patient #1
Received health record request for patient #1
Received health record request for patient #1
Received health record request for patient #1
Received health record request for patient #1
Received health record request for patient #1
Received health record request for patient #1
Received health record request for patient #1
Received health record request for patient #1
Received health record request for patient #1
Received health record request for patient #1
Received health record request for patient #1
Received health record request for patient #1
Received health record request for patient #1
Received health record request for patient #1
Received health record request for patient #1
Received health record request for patient #1
Received health record request for patient #1
Received health record request for patient #1
Received health record request for patient #1
Received health record request for patient #1
Received health record request for patient #1
Received health record request for patient #1
Received health record request for patient #1
Received health record request for patient #1
Received health record request for patient #1
Received health record request for patient #1
Received health record request for patient #1
Received health record request for patient #1
Received health record request for patient #1
Received health record request for patient #1
Received health record request for patient #1
Received health record request for patient #1
Received health record request for patient #1
Received health record request for patient #1
Received health record request for patient #1
Received health record request for patient #1
Received health record request for patient #1
Received health record request for patient #1
Received health record request for patient #1
Received health record request for patient #1
Received health record request for patient #1
Received health record request for patient #1
Received health record request for patient #1
Received health record request for patient #1
Received health record request for patient #1
Received health record request for patient #1
Received health record request for patient #1
Received health record request for patient #1
Received health record request for patient #1
Received health record request for patient #1
Received health record request for patient #1
Received health record request for patient #1
Received health record request for patient #1
Received health record request for patient #1
Received health record request for patient #1
Received health record request for patient #1
Received health record request for patient #1
Received health record request for patient #1
Received health record request for patient #1
Received health record request for patient #1
Received health record request for patient #1
Received health record request for patient #1
Received health record request for patient #1
Received health record request for patient #1
Received health record request for patient #1
Received health record request for patient #1
Received health record request for patient #1
Received health record request for patient #1
Received health record request for patient #1
Received health record request for patient #1
Received health record request for patient #1
Received health record request for patient #1
Received health record request for patient #1
Received health record request for patient #1
Received health record request for patient #1
Received health record request for patient #1
Received health record request for patient #1
Received health record request for patient #1
Received health record request for patient #1
Received health record request for patient #1
Received health record request for patient #1
Received health record request for patient #1
Received health record request for patient #1
Received health record request for patient #1
Received health record request for patient #1
Received health record request for patient #1
Received health record request for patient #1
Received health record request for patient #1
Received health record request for patient #1
Received health record request for patient #1
Received health record request for patient #1
Received health record request for patient #1
Received health record request for patient #1
Received health record request for patient #1
Received health record request for patient #1
Received health record request for patient #1
Received health record request for patient #1
Received health record request for patient #1
Received health record request for patient #1
Received health record request for patient #1
Received health record request for patient #1
Received health record request for patient #1
Received health record request for patient #1
Received health record request for patient #1
Received health record request for patient #1
Received health record request for patient #1
Received health record request for patient #1
Received health record request for patient #1
Received health record request for patient #1
Received health record request for patient #1
Received health record request for patient #1
Received health record request for patient #1
Received health record request for patient #1
Received health record request for patient #1
Received health record request for patient #1
Received health record request for patient #1
Received health record request for patient #1
Received health record request for patient #1
Received health record request for patient #1
Received health record request for patient #1
Received health record request for patient #1
Received health record request for patient #1
Received health record request for patient #1
Received health record request for patient #1
Received health record request for patient #1
Received health record request for patient #1
Received health record request for patient #1
Received health record request for patient #1
Received health record request for patient #1
Received health record request for patient #1
Received health record request for patient #1
Received health record request for patient #1
Received health record request for patient #1
Received health record request for patient #1
Received health record request for patient #1
Received health record request for patient #1
Received health record request for patient #1
Received health record request for patient #1
Received health record request for patient #1
Received health record request for patient #1
Received health record request for patient #1
Received health record request for patient #1
Received health record request for patient #1
Received health record request for patient #1
Received health record request for patient #1
Received health record request for patient #1
Received health record request for patient #1
Received health record request for patient #1
Received health record request for patient #1
Received health record request for patient #1
Received health record request for patient #1
Received health record request for patient #1
Received health record request for patient #1
Received health record request for patient #1
Received health record request for patient #1
Received health record request for patient #1
Received health record request for patient #1
Received health record request for patient #1
Received health record request for patient #1
Received health record request for patient #1
Received health record request for patient #1
Received health record request for patient #1
Received health record request for patient #1
Received health record request for patient #1
Received health record request for patient #1
Received health record request for patient #1
Received health record request for patient #1
Received health record request for patient #1
Received health record request for patient #1
Received health record request for patient #1
Received health record request for patient #1
Received health record request for patient #1
Received health record request for patient #1
Received health record request for patient #1
Received health record request for patient #1
Received health record request for patient #1
Received health record request for patient #1
Received health record request for patient #1
Received health record request for patient #1
Received health record request for patient #1
Received health record request for patient #1
Received health record request for patient #1
Received health record request for patient #1
Received health record request for patient #1
Received health record request for patient #1
Received health record request for patient #1
Received health record request for patient #1
Received health record request for patient #1
Received health record request for patient #1
Received health record request for patient #1
Received health record request for patient #1
Received health record request for patient #1
Received health record request for patient #1
Received health record request for patient #1
Received health record request for patient #1
Received health record request for patient #1
Received health record request for patient #1
Received health record request for patient #1
Received health record request for patient #1
Received health record request for patient #1
Received health record request for patient #1
Received health record request for patient #1
Received health record request for patient #1
Received health record request for patient #1
Received health record request for patient #1
Received health record request for patient #1
Received health record request for patient #1
Received health record request for patient #1
Received health record request for patient #1
Received health record request for patient #1
Received health record request for patient #1
Received health record request for patient #1
Received health record request for patient #1
Received health record request for patient #1
Received health record request for patient #1
Received health record request for patient #1
Received health record request for patient #1
Received health record request for patient #1
Received health record request for patient #1
Received health record request for patient #1
Received health record request for patient #1
Received health record request for patient #1
Received health record request for patient #1
Received health record request for patient #1
Received health record request for patient #1
Received health record request for patient #1
Received health record request for patient #1
Received health record request for patient #1
Received health record request for patient #1
Received health record request for patient #1
Received health record request for patient #1
Received health record request for patient #1
Received health record request for patient #1
Received health record request for patient #1
Received health record request for patient #1
Received health record request for patient #1
Received health record request for patient #1
Received health record request for patient #1
Received health record request for patient #1
Received health record request for patient #1
Received health record request for patient #1
Received health record request for patient #1
Received health record request for patient #1
Received health record request for patient #1
Received health record request for patient #1
Received health record request for patient #1
Received health record request for patient #1
Received health record request for patient #1
Received health record request for patient #1
Received health record request for patient #1
Received health record request for patient #1
Received health record request for patient #1
Received health record request for patient #1
Received health record request for patient #1
Received health record request for patient #1
Received health record request for patient #1
Received health record request for patient #1
Received health record request for patient #1
Received health record request for patient #1
Received health record request for patient #1
Received health record request for patient #1
Received health record request for patient #1
Received health record request for patient #1
Received health record request for patient #1
Received health record request for patient #1
Received health record request for patient #1
Received health record request for patient #1
Received health record request for patient #1
Received health record request for patient #1
Received health record request for patient #1
Received health record request for patient #1
Received health record request for patient #1
Received health record request for patient #1
Received health record request for patient #1
Received health record request for patient #1
Received health record request for patient #1
Received health record request for patient #1
Received health record request for patient #1
Received health record request for patient #1
Received health record request for patient #1
Received health record request for patient #1
Received health record request for patient #1
Received health record request for patient #1
Received health record request for patient #1
Received health record request for patient #1
Received health record request for patient #1
Received health record request for patient #1
Received health record request for patient #1
Received health record request for patient #1
Received health record request for patient #1
Received health record request for patient #1
Received health record request for patient #1
Received health record request for patient #1
Received health record request for patient #1
Received health record request for patient #1
Received health record request for patient #1
Received health record request for patient #1
Received health record request for patient #1
Received health record request for patient #1
Received health record request for patient #1
Received health record request for patient #1
Received health record request for patient #1
Received health record request for patient #1
Received health record request for patient #1
Received health record request for patient #1
Received health record request for patient #1
Received health record request for patient #1
Received health record request for patient #1
Received health record request for patient #1
Received health record request for patient #1
Received health record request for patient #1
Received health record request for patient #1
Received health record request for patient #1
Received health record request for patient #1
Received health record request for patient #1
Received health record request for patient #1
Received health record request for patient #1
Received health record request for patient #1
Received health record request for patient #1
Received health record request for patient #1
Received health record request for patient #1
Received health record request for patient #1
Received health record request for patient #1
Received health record request for patient #1
Received health record request for patient #1
Received health record request for patient #1
Received health record request for patient #1
Received health record request for patient #1
Received health record request for patient #1
Received health record request for patient #1
Received health record request for patient #1
Received health record request for patient #1
Received health record request for patient #1
Received health record request for patient #1
Received health record request for patient #1
Received health record request for patient #1
Received health record request for patient #1
Received health record request for patient #1
Received health record request for patient #1
Received health record request for patient #1
Received health record request for patient #1
Received health record request for patient #1
Received health record request for patient #1
Received health record request for patient #1
Received health record request for patient #1
Received health record request for patient #1
Received health record request for patient #1
Received health record request for patient #1
Received health record request for patient #1
Received health record request for patient #1
Received health record request for patient #1
Received health record request for patient #1
Received health record request for patient #1
Received health record request for patient #1
Received health record request for patient #1
Received health record request for patient #1
Received health record request for patient #1
Received health record request for patient #1
Received health record request for patient #1
Received health record request for patient #1
Received health record request for patient #1
Received health record request for patient #1
Received health record request for patient #1
Received health record request for patient #1
Received health record request for patient #1
Received health record request for patient #1
Received health record request for patient #1
Received health record request for patient #1
Received health record request for patient #1
Received health record request for patient #1
Received health record request for patient #1
Received health record request for patient #1
Received health record request for patient #1
Received health record request for patient #1
Received health record request for patient #1
Received health record request for patient #1
Received health record request for patient #1
Received health record request for patient #1
Received health record request for patient #1
Received health record request for patient #1
Received health record request for patient #1
Received health record request for patient #1
Received health record request for patient #1
Received health record request for patient #1
Received health record request for patient #1
Received health record request for patient #1
Received health record request for patient #1
Received health record request for patient #1
Received health record request for patient #1
Received health record request for patient #1
Received health record request for patient #1
Received health record request for patient #1
Received health record request for patient #1
Received health record request for patient #1
Received health record request for patient #1
Received health record request for patient #1
Received health record request for patient #1
Received health record request for patient #1
Received health record request for patient #1
Received health record request for patient #1
Received health record request for patient #1
Received health record request for patient #1
Received health record request for patient #1
Received health record request for patient #1
Received health record request for patient #1
Received health record request for patient #1
Received health record request for patient #1
Received health record request for patient #1
Received health record request for patient #1
Received health record request for patient #1
Received health record request for patient #1
Received health record request for patient #1
Received health record request for patient #1
Received health record request for patient #1
Received health record request for patient #1
Received health record request for patient #1
Received health record request for patient #1
Received health record request for patient #1
Received health record request for patient #1
Received health record request for patient #1
Received health record request for patient #1
Received health record request for patient #1
Received health record request for patient #1
Received health record request for patient #1
Received health record request for patient #1
Received health record request for patient #1
Received health record request for patient #1
Received health record request for patient #1
Received health record request for patient #1
Received health record request for patient #1
Received health record request for patient #1
Received health record request for patient #1
Received health record request for patient #1
Received health record request for patient #1
Received health record request for patient #1
Received health record request for patient #1
Received health record request for patient #1
Received health record request for patient #1
Received health record request for patient #1
Received health record request for patient #1
Received health record request for patient #1
Received health record request for patient #1
Received health record request for patient #1
Received health record request for patient #1
Received health record request for patient #1
Received health record request for patient #1
Received health record request for patient #1
Received health record request for patient #1
Received health record request for patient #1
Received health record request for patient #1
Received health record request for patient #1
Received health record request for patient #1
Received health record request for patient #1
Received health record request for patient #1
Received health record request for patient #1
Received health record request for patient #1
Received health record request for patient #1
Received health record request for patient #1
Received health record request for patient #1
Received health record request for patient #1
Received health record request for patient #1
Received health record request for patient #1
Received health record request for patient #1
Received health record request for patient #1
Received health record request for patient #1
Received health record request for patient #1
Received health record request for patient #1
Received health record request for patient #1
Received health record request for patient #1
Received health record request for patient #1
Received health record request for patient #1
Received health record request for patient #1
Received health record request for patient #1
Received health record request for patient #1
Received health record request for patient #1
Received health record request for patient #1
Received health record request for patient #1
Received health record request for patient #1
Received health record request for patient #1
Received health record request for patient #1
Received health record request for patient #1
Received health record request for patient #1
Received health record request for patient #1
Received health record request for patient #1
Received health record request for patient #1
Received health record request for patient #1
Received health record request for patient #1
Received health record request for patient #1
Received health record request for patient #1
Received health record request for patient #1
Received health record request for patient #1
Received health record request for patient #1
Received health record request for patient #1
Received health record request for patient #1
Received health record request for patient #1
Received health record request for patient #1
Received health record request for patient #1
Received health record request for patient #1
Received health record request for patient #1
Received health record request for patient #1
Received health record request for patient #1
Received health record request for patient #1
Received health record request for patient #1
Received health record request for patient #1
Received health record request for patient #1
Received health record request for patient #1
Received health record request for patient #1
Received health record request for patient #1
Received health record request for patient #1
Received health record request for patient #1
Received health record request for patient #1
Received health record request for patient #1
Received health record request for patient #1
Received health record request for patient #1
Received health record request for patient #1
Received health record request for patient #1
Received health record request for patient #1
Received health record request for patient #1
Received health record request for patient #1
Received health record request for patient #1
Received health record request for patient #1
Received health record request for patient #1
Received health record request for patient #1
Received health record request for patient #1
Received health record request for patient #1
Received health record request for patient #1
Received health record request for patient #1
Received health record request for patient #1
Received health record request for patient #1
Received health record request for patient #1
Received health record request for patient #1
Received health record request for patient #1
Received health record request for patient #1
Received health record request for patient #1
Received health record request for patient #1
Received health record request for patient #1
Received health record request for patient #1
Received health record request for patient #1
Received health record request for patient #1
Received health record request for patient #1
Received health record request for patient #1
Received health record request for patient #1
Received health record request for patient #1
Received health record request for patient #1
Received health record request for patient #1
Received health record request for patient #1
Received health record request for patient #1
Received health record request for patient #1
Received health record request for patient #1
Received health record request for patient #1
Received health record request for patient #1
Received health record request for patient #1
Received health record request for patient #1
Received health record request for patient #1
Received health record request for patient #1
Received health record request for patient #1
Received health record request for patient #1
Received health record request for patient #1
Received health record request for patient #1
Received health record request for patient #1
Received health record request for patient #1
Received health record request for patient #1
Received health record request for patient #1
Received health record request for patient #1
Received health record request for patient #1
Received health record request for patient #1
Received health record request for patient #1
Received health record request for patient #1
Received health record request for patient #1
Received health record request for patient #1
Received health record request for patient #1
Received health record request for patient #1
Received health record request for patient #1
Received health record request for patient #1
Received health record request for patient #1
Received health record request for patient #1
Received health record request for patient #1
Received health record request for patient #1
Received health record request for patient #1
Received health record request for patient #1
Received health record request for patient #1
Received health record request for patient #1
Received health record request for patient #1
Received health record request for patient #1
Received health record request for patient #1
Received health record request for patient #1
Received health record request for patient #1
Received health record request for patient #1
Received health record request for patient #1
Received health record request for patient #1
Received health record request for patient #1
Received health record request for patient #1
Received health record request for patient #1
Received health record request for patient #1
Received health record request for patient #1
Received health record request for patient #1
Received health record request for patient #1
Received health record request for patient #1
Received health record request for patient #1
Received health record request for patient #1
Received health record request for patient #1
Received health record request for patient #1
Received health record request for patient #1
Received health record request for patient #1
Received health record request for patient #1
Received health record request for patient #1
Received health record request for patient #1
Received health record request for patient #1
Received health record request for patient #1
Received health record request for patient #1
Received health record request for patient #1
Received health record request for patient #1
Received health record request for patient #1
Received health record request for patient #1
Received health record request for patient #1
Received health record request for patient #1
Received health record request for patient #1
Received health record request for patient #1
Received health record request for patient #1
Received health record request for patient #1
Received health record request for patient #1
Received health record request for patient #1
Received health record request for patient #1
Received health record request for patient #1
Received health record request for patient #1
Received health record request for patient #1
Received health record request for patient #1
Received health record request for patient #1
Received health record request for patient #1
Received health record request for patient #1
Received health record request for patient #1
Received health record request for patient #1
Received health record request for patient #1
Received health record request for patient #1
Received health record request for patient #1
Received health record request for patient #1
Received health record request for patient #1
Received health record request for patient #1
Received health record request for patient #1
Received health record request for patient #1
Received health record request for patient #1
Received health record request for patient #1
Received health record request for patient #1
Received health record request for patient #1
Received health record request for patient #1
Received health record request for patient #1
Received health record request for patient #1
Received health record request for patient #1
Received health record request for patient #1
Received health record request for patient #1
Received health record request for patient #1
Received health record request for patient #1
Received health record request for patient #1
Received health record request for patient #1
Received health record request for patient #1
Received health record request for patient #1
Received health record request for patient #1
Received health record request for patient #1
Received health record request for patient #1
Received health record request for patient #1
Received health record request for patient #1
Received health record request for patient #1
Received health record request for patient #1
Received health record request for patient #1
Received health record request for patient #1
Received health record request for patient #1
Received health record request for patient #1
Received health record request for patient #1
Received health record request for patient #1
Received health record request for patient #1
Received health record request for patient #1
Received health record request for patient #1
Received health record request for patient #1
Received health record request for patient #1
Received health record request for patient #1
Received health record request for patient #1
Received health record request for patient #1
Received health record request for patient #1
Received health record request for patient #1
Received health record request for patient #1
Received health record request for patient #1
Received health record request for patient #1
Received health record request for patient #1
Received health record request for patient #1
Received health record request for patient #1
Received health record request for patient #1
Received health record request for patient #1
Received health record request for patient #1
Received health record request for patient #1
Received health record request for patient #1
Received health record request for patient #1
Received health record request for patient #1
Received health record request for patient #1
Received health record request for patient #1
Received health record request for patient #1
Received health record request for patient #1
Received health record request for patient #1
Received health record request for patient #1
Received health record request for patient #1
Received health record request for patient #1
Received health record request for patient #1
Received health record request for patient #1
Received health record request for patient #1
Received health record request for patient #1
Received health record request for patient #1
Received health record request for patient #1
Received health record request for patient #1
Received health record request for patient #1
Received health record request for patient #1
Received health record request for patient #1
Received health record request for patient #1
Received health record request for patient #1
Received health record request for patient #1
Received health record request for patient #1
Received health record request for patient #1
Received health record request for patient #1
Received health record request for patient #1
Received health record request for patient #1
Received health record request for patient #1
Received health record request for patient #1
Received health record request for patient #1
Received health record request for patient #1
Received health record request for patient #1
Received health record request for patient #1
Received health record request for patient #1
Received health record request for patient #1
Received health record request for patient #1
Received health record request for patient #1
Received health record request for patient #1
Received health record request for patient #1
Received health record request for patient #1
Received health record request for patient #1
Received health record request for patient #1
Received health record request for patient #1
Received health record request for patient #1
Received health record request for patient #1
Received health record request for patient #1
Received health record request for patient #1
Received health record request for patient #1
Received health record request for patient #1
Received health record request for patient #1
Received health record request for patient #1
Received health record request for patient #1
Received health record request for patient #1
Received health record request for patient #1
Received health record request for patient #1
Received health record request for patient #1
Received health record request for patient #1
Received health record request for patient #1
Received health record request for patient #1
Received health record request for patient #1
Received health record request for patient #1
Received health record request for patient #1
Received health record request for patient #1
Received health record request for patient #1
Received health record request for patient #1
Received health record request for patient #1
Received health record request for patient #1
Received health record request for patient #1
Received health record request for patient #1
Received health record request for patient #1
Received health record request for patient #1
Received health record request for patient #1
Received health record request for patient #1
Received health record request for patient #1
Received health record request for patient #1
Received health record request for patient #1
Received health record request for patient #1
Received health record request for patient #1
Received health record request for patient #1
Received health record request for patient #1
Received health record request for patient #1
Received health record request for patient #1
Received health record request for patient #1
Received health record request for patient #1
Received health record request for patient #1
Received health record request for patient #1
Received health record request for patient #1
Received health record request for patient #1
Received health record request for patient #1
Received health record request for patient #1
Received health record request for patient #1
Received health record request for patient #1
Received health record request for patient #1
Received health record request for patient #1
Received health record request for patient #1
Received health record request for patient #1
Received health record request for patient #1
Received health record request for patient #1
Received health record request for patient #1
Received health record request for patient #1
Received health record request for patient #1
Received health record request for patient #1
Received health record request for patient #1
Received health record request for patient #1
Received health record request for patient #1
Received health record request for patient #1
Received health record request for patient #1
Received health record request for patient #1
Received health record request for patient #1
Received health record request for patient #1
Received health record request for patient #1
Received health record request for patient #1
Received health record request for patient #1
Received health record request for patient #1
Received health record request for patient #1
Received health record request for patient #1
Received health record request for patient #1
Received health record request for patient #1
Received health record request for patient #1
Received health record request for patient #1
Received health record request for patient #1
Received health record request for patient #1
Received health record request for patient #1
Received health record request for patient #1
Received health record request for patient #1
Received health record request for patient #1
Received health record request for patient #1
Received health record request for patient #1
Received health record request for patient #1
Received health record request for patient #1
Received health record request for patient #1
Received health record request for patient #1
Received health record request for patient #1
Received health record request for patient #1
Received health record request for patient #1
Received health record request for patient #1
Received health record request for patient #1
Received health record request for patient #1
Received health record request for patient #1
Received health record request for patient #1
Received health record request for patient #1
Received health record request for patient #1
Received health record request for patient #1
Received health record request for patient #1
Received health record request for patient #1
Received health record request for patient #1
Received health record request for patient #1
Received health record request for patient #1
Received health record request for patient #1
Received health record request for patient #1
Received health record request for patient #1
Received health record request for patient #1
Received health record request for patient #1
Received health record request for patient #1
Received health record request for patient #1
Received health record request for patient #1
Received health record request for patient #1
Received health record request for patient #1
Received health record request for patient #1
Received health record request for patient #1
Received health record request for patient #1
Received health record request for patient #1
Received health record request for patient #1
Received health record request for patient #1
Received health record request for patient #1
Received health record request for patient #1
Received health record request for patient #1
Received health record request for patient #1
Received health record request for patient #1
Received health record request for patient #1
Received health record request for patient #1
Received health record request for patient #1
Received health record request for patient #1
Received health record request for patient #1
Received health record request for patient #1
Received health record request for patient #1
Received health record request for patient #1
Received health record request for patient #1
Received health record request for patient #1
Received health record request for patient #1
Received health record request for patient #1
Received health record request for patient #1
Received health record request for patient #1
Received health record request for patient #1
Received health record request for patient #1
Received health record request for patient #1
Received health record request for patient #1
Received health record request for patient #1
Received health record request for patient #1
Received health record request for patient #1
Received health record request for patient #1
Received health record request for patient #1
Received health record request for patient #1
Received health record request for patient #1
Received health record request for patient #1
Received health record request for patient #1
Received health record request for patient #1
Received health record request for patient #1
Received health record request for patient #1
Received health record request for patient #1
Received health record request for patient #1
Received health record request for patient #1
Received health record request for patient #1
Received health record request for patient #1
Received health record request for patient #1
Received health record request for patient #1
Received health record request for patient #1
Received health record request for patient #1
Received health record request for patient #1
Received health record request for patient #1
Received health record request for patient #1
Received health record request for patient #1
Received health record request for patient #1
Received health record request for patient #1
Received health record request for patient #1
Received health record request for patient #1
Received health record request for patient #1
Received health record request for patient #1
Received health record request for patient #1
Received health record request for patient #1
Received health record request for patient #1
Received health record request for patient #1
Received health record request for patient #1
Received health record request for patient #1
Received health record request for patient #1
Received health record request for patient #1
Received health record request for patient #1
Received health record request for patient #1
Received health record request for patient #1
Received health record request for patient #1
Received health record request for patient #1
Received health record request for patient #1
Received health record request for patient #1
Received health record request for patient #1
Received health record request for patient #1
Received health record request for patient #1
Received health record request for patient #1
Received health record request for patient #1
Received health record request for patient #1
Received health record request for patient #1
Received health record request for patient #1
Received health record request for patient #1
Received health record request for patient #1
Received health record request for patient #1
Received health record request for patient #1
Received health record request for patient #1
Received health record request for patient #1
Received health record request for patient #1
Received health record request for patient #1
Received health record request for patient #1
Received health record request for patient #1
Received health record request for patient #1
Received health record request for patient #1
Received health record request for patient #1
Received health record request for patient #1
Received health record request for patient #1
Received health record request for patient #1
Received health record request for patient #1
Received health record request for patient #1
Received health record request for patient #1
Received health record request for patient #1
Received health record request for patient #1
Received health record request for patient #1
Received health record request for patient #1
Received health record request for patient #1
Received health record request for patient #1
Received health record request for patient #1
Received health record request for patient #1
Received health record request for patient #1
Received health record request for patient #1
Received health record request for patient #1
Received health record request for patient #1
Received health record request for patient #1
Received health record request for patient #1
Received health record request for patient #1
Received health record request for patient #1
Received health record request for patient #1
Received health record request for patient #1
Received health record request for patient #1
Received health record request for patient #1
Received health record request for patient #1
Received health record request for patient #1
Received health record request for patient #1
Received health record request for patient #1
Received health record request for patient #1
Received health record request for patient #1
Received health record request for patient #1
Received health record request for patient #1
Received health record request for patient #1
Received health record request for patient #1
Received health record request for patient #1
Received health record request for patient #1
Received health record request for patient #1
Received health record request for patient #1
Received health record request for patient #1
Received health record request for patient #1
Received health record request for patient #1
Received health record request for patient #1
Received health record request for patient #1
Received health record request for patient #1
Received health record request for patient #1
Received health record request for patient #1
Received health record request for patient #1
Received health record request for patient #1
Received health record request for patient #1
Received health record request for patient #1
Received health record request for patient #1
Received health record request for patient #1
Received health record request for patient #1
Received health record request for patient #1
Received health record request for patient #1
Received health record request for patient #1
Received health record request for patient #1
Received health record request for patient #1
Received health record request for patient #1
Received health record request for patient #1
Received health record request for patient #1
Received health record request for patient #1
Received health record request for patient #1
Received health record request for patient #1
Received health record request for patient #1
Received health record request for patient #1
Received health record request for patient #1
Received health record request for patient #1
Received health record request for patient #1
Received health record request for patient #1
Received health record request for patient #1
Received health record request for patient #1
Received health record request for patient #1
Received health record request for patient #1
Received health record request for patient #1
Received health record request for patient #1
Received health record request for patient #1
Received health record request for patient #1
Received health record request for patient #1
Received health record request for patient #1
Received health record request for patient #1
Received health record request for patient #1
Received health record request for patient #1
Received health record request for patient #1
Received health record request for patient #1
Received health record request for patient #1
Received health record request for patient #1
Received health record request for patient #1
Received health record request for patient #1
Received health record request for patient #1
Received health record request for patient #1
Received health record request for patient #1
Received health record request for patient #1
Received health record request for patient #1
Received health record request for patient #1
Received health record request for patient #1
Received health record request for patient #1
Received health record request for patient #1
Received health record request for patient #1
Received health record request for patient #1
Received health record request for patient #1
Received health record request for patient #1
Received health record request for patient #1
Received health record request for patient #1
Received health record request for patient #1
Received health record request for patient #1
Received health record request for patient #1
Received health record request for patient #1
Received health record request for patient #1
Received health record request for patient #1
Received health record request for patient #1
Received health record request for patient #1
Received health record request for patient #1
Received health record request for patient #1
Received health record request for patient #1
Received health record request for patient #1
Received health record request for patient #1
Received health record request for patient #1
Received health record request for patient #1
Received health record request for patient #1
Received health record request for patient #1
Received health record request for patient #1
Received health record request for patient #1
Received health record request for patient #1
Received health record request for patient #1
Received health record request for patient #1
Received health record request for patient #1
Received health record request for patient #1
Received health record request for patient #1
Received health record request for patient #1
Received health record request for patient #1
Received health record request for patient #1
Received health record request for patient #1
Received health record request for patient #1
Received health record request for patient #1
Received health record request for patient #1
Received health record request for patient #1
Received health record request for patient #1
Received health record request for patient #1
Received health record request for patient #1
Received health record request for patient #1
Received health record request for patient #1
Received health record request for patient #1
Received health record request for patient #1
Received health record request for patient #1
Received health record request for patient #1
Received health record request for patient #1
Received health record request for patient #1
Received health record request for patient #1
Received health record request for patient #1
Received health record request for patient #1
Received health record request for patient #1
Received health record request for patient #1
Received health record request for patient #1
Received health record request for patient #1
Received health record request for patient #1
Received health record request for patient #1
Received health record request for patient #1
Received health record request for patient #1
Received health record request for patient #1
Received health record request for patient #1
Received health record request for patient #1
Received health record request for patient #1
Received health record request for patient #1
Received health record request for patient #1
Received health record request for patient #1
Received health record request for patient #1
Received health record request for patient #1
Received health record request for patient #1
Received health record request for patient #1
Received health record request for patient #1
Received health record request for patient #1
Received health record request for patient #1
Received health record request for patient #1
Received health record request for patient #1
Received health record request for patient #1
Received health record request for patient #1
Received health record request for patient #1
Received health record request for patient #1
Received health record request for patient #1
Received health record request for patient #1
Received health record request for patient #1
Received health record request for patient #1
Received health record request for patient #1
Received health record request for patient #1
Received health record request for patient #1
Received health record request for patient #1
Received health record request for patient #1
Received health record request for patient #1
Received health record request for patient #1
Received health record request for patient #1
Received health record request for patient #1
Received health record request for patient #1
Received health record request for patient #1
Received health record request for patient #1
Received health record request for patient #1
Received health record request for patient #1
Received health record request for patient #1
Received health record request for patient #1
Received health record request for patient #1
Received health record request for patient #1
Received health record request for patient #1
Received health record request for patient #1
Received health record request for patient #1
Received health record request for patient #1
Received health record request for patient #1
Received health record request for patient #1
Received health record request for patient #1
Received health record request for patient #1
Received health record request for patient #1
Received health record request for patient #1
Received health record request for patient #1
Received health record request for patient #1
Received health record request for patient #1
Received health record request for patient #1
Received health record request for patient #1
Received health record request for patient #1
Received health record request for patient #1
Received health record request for patient #1
Received health record request for patient #1
Received health record request for patient #1
Received health record request for patient #1
Received health record request for patient #1
Received health record request for patient #1
Received health record request for patient #1
Received health record request for patient #1
Received health record request for patient #1
Received health record request for patient #1
Received health record request for patient #1
Received health record request for patient #1
Received health record request for patient #1
Received health record request for patient #1
Received health record request for patient #1
Received health record request for patient #1
Received health record request for patient #1
Received health record request for patient #1
Received health record request for patient #1
Received health record request for patient #1
Received health record request for patient #1
Received health record request for patient #1
Received health record request for patient #1
Received health record request for patient #1
Received health record request for patient #1
Received health record request for patient #1
Received health record request for patient #1
Received health record request for patient #1
Received health record request for patient #1
Received health record request for patient #1
Received health record request for patient #1
Received health record request for patient #1
Received health record request for patient #1
Received health record request for patient #1
Received health record request for patient #1
Received health record request for patient #1
Received health record request for patient #1
Received health record request for patient #1
Received health record request for patient #1
Received health record request for patient #1
Received health record request for patient #1
Received health record request for patient #1
Received health record request for patient #1
Received health record request for patient #1
Received health record request for patient #1
Received health record request for patient #1
Received health record request for patient #1
Received health record request for patient #1
Received health record request for patient #1
